"source","destinations","mention","quote","reply","weight","DateUpdate"
"Redit_es","aimplas",315,0,2,317,2021-08-23
"TeximInfo","aimplas",85,0,85,170,2021-08-23
"Redit_es","ainiatecnologia",152,0,0,152,2021-08-23
"Redit_es","ITC_ceramica",147,0,2,149,2021-08-23
"Redit_es","ITI_TIC",147,0,0,147,2021-08-23
"Redit_es","AIDIMME",144,0,0,144,2021-08-23
"Redit_es","aitex_es",140,0,0,140,2021-08-23
"Redit_es","itenergia",129,0,0,129,2021-08-23
"Redit_es","AIJU_Tecnologi",127,0,0,127,2021-08-23
"Redit_es","ibv_org",120,0,0,120,2021-08-23
"Redit_es","InescopTech",120,0,0,120,2021-08-23
"Redit_es","itene",118,0,0,118,2021-08-23
"izarotech","aimplas",57,0,25,82,2021-08-23
"FuturEnviro","aimplas",68,0,0,68,2021-08-23
"Redit_es","Redit_es",68,0,0,68,2021-08-23
"RevistaRETEMA","aimplas",55,0,0,55,2021-08-23
"Redit_es","GVAavi",52,0,0,52,2021-08-23
"Mundoplast","aimplas",51,0,0,51,2021-08-23
"Redit_es","GVAivace",48,0,2,50,2021-08-23
"aimplas","aimplas",41,0,8,49,2021-08-23
"Packnet_","aimplas",29,7,6,42,2021-08-23
"expoquimia","aimplas",37,0,0,37,2021-08-23
"ForoQyS","aimplas",24,0,12,36,2021-08-23
"Redit_es","GVAinnova",34,0,0,34,2021-08-23
"CentrosCex","aimplas",21,0,10,31,2021-08-23
"RPM_Plasticos","aimplas",30,0,0,30,2021-08-23
"AEMAC_","aimplas",29,0,0,29,2021-08-23
"i_plastico","aimplas",27,0,0,27,2021-08-23
"ainiatecnologia","aimplas",25,0,0,25,2021-08-23
"EPPM_Magazine","aimplas",25,0,0,25,2021-08-23
"PlasticFV","aimplas",21,0,4,25,2021-08-23
"pharmamarket","aimplas",24,0,0,24,2021-08-23
"ait_research","aimplas",20,0,1,21,2021-08-23
"ambientplastico","aimplas",19,0,2,21,2021-08-23
"expoquimia","accio_cat",21,0,0,21,2021-08-23
"Alvaro_Eslu","aimplas",17,0,3,20,2021-08-23
"ANAIP_es","aimplas",19,0,1,20,2021-08-23
"Equiplast","aimplas",20,0,0,20,2021-08-23
"expoquimia","IREC_Energia",20,0,0,20,2021-08-23
"revistaide","aimplas",16,0,4,20,2021-08-23
"Tecnifood","aimplas",19,0,1,20,2021-08-23
"FuturEnviro","FuturEnviro",15,1,3,19,2021-08-23
"UPLIFT_EU","aimplas",19,0,0,19,2021-08-23
"Fedit","aimplas",13,4,1,18,2021-08-23
"GVAavi","aimplas",18,0,0,18,2021-08-23
"UPLIFT_EU","Bioplastech",18,0,0,18,2021-08-23
"UPLIFT_EU","DTUtweet",18,0,0,18,2021-08-23
"UPLIFT_EU","es_aau",18,0,0,18,2021-08-23
"UPLIFT_EU","fz_juelich",18,0,0,18,2021-08-23
"UPLIFT_EU","LeibnizHKI",18,0,0,18,2021-08-23
"UPLIFT_EU","Lundsuni",18,0,0,18,2021-08-23
"UPLIFT_EU","mi_sustainable",18,0,0,18,2021-08-23
"UPLIFT_EU","RWTH",18,0,0,18,2021-08-23
"UPLIFT_EU","SustainableInnE",18,0,0,18,2021-08-23
"UPLIFT_EU","TECNARO_GmbH",18,0,0,18,2021-08-23
"UPLIFT_EU","ucdgaeltacht",18,0,0,18,2021-08-23
"UPLIFT_EU","UPLIFT_EU",0,0,18,18,2021-08-23
"UPLIFT_EU","Vestforbranding",18,0,0,18,2021-08-23
"BIOVAL_es","aimplas",16,0,1,17,2021-08-23
"Regmurcialimpia","aimplas",15,0,2,17,2021-08-23
"emprenemjunts","aimplas",16,0,0,16,2021-08-23
"ResiduosPro","aimplas",16,0,0,16,2021-08-23
"SustainPlastics","aimplas",16,0,0,16,2021-08-23
"aec_es","aimplas",13,1,0,14,2021-08-23
"davidorreta","aimplas",14,0,0,14,2021-08-23
"davidorreta","ResiduosPro",14,0,0,14,2021-08-23
"Eurosurfas","aimplas",14,0,0,14,2021-08-23
"itenergia","GVAivace",14,0,0,14,2021-08-23
"UPLIFT_EU","europatweets",14,0,0,14,2021-08-23
"ait_research","BioICEP_IMGGE",12,1,0,13,2021-08-23
"AvepAsociacion","aimplas",12,1,0,13,2021-08-23
"ceeivalencia","aimplas",13,0,0,13,2021-08-23
"int_quimica","aimplas",13,0,0,13,2021-08-23
"itenergia","aimplas",13,0,0,13,2021-08-23
"OceanetsProject","aimplas",12,1,0,13,2021-08-23
"UPLIFT_EU","EU_Commission",13,0,0,13,2021-08-23
"expoquimia","Leitat",12,0,0,12,2021-08-23
"ITC_ceramica","aimplas",12,0,0,12,2021-08-23
"Redit_es","valenciactiva_",12,0,0,12,2021-08-23
"ait_research","FournetMargaret",10,0,1,11,2021-08-23
"ibv_org","aimplas",11,0,0,11,2021-08-23
"Regmurcialimpia","Vertidos_Cero",9,0,2,11,2021-08-23
"somoscidec","aimplas",11,0,0,11,2021-08-23
"ait_research","ambercentre",10,0,0,10,2021-08-23
"ait_research","RDI_at_LIT",10,0,0,10,2021-08-23
"Cicloplast_com","aimplas",10,0,0,10,2021-08-23
"expoquimia","harvestoreEU",10,0,0,10,2021-08-23
"expoquimia","la_UPC",10,0,0,10,2021-08-23
"expoquimia","linknovate",10,0,0,10,2021-08-23
"expoquimia","RECOTRANS_H2020",10,0,0,10,2021-08-23
"GVAivace","aimplas",10,0,0,10,2021-08-23
"PLABUNsrl","aimplas",10,0,0,10,2021-08-23
"Vertidos_Cero","aimplas",10,0,0,10,2021-08-23
"AEMAC_","FIDAMC_",9,0,0,9,2021-08-23
"CdeCarnica","aimplas",9,0,0,9,2021-08-23
"CentrosCex","corifyAF",9,0,0,9,2021-08-23
"CentrosCex","Grupo_TSK",9,0,0,9,2021-08-23
"CentrosCex","Molecor",9,0,0,9,2021-08-23
"CentrosCex","OceanetsProject",9,0,0,9,2021-08-23
"CentrosCex","PigCHAMP_Europa",9,0,0,9,2021-08-23
"CentrosCex","PlatinoEduca",9,0,0,9,2021-08-23
"CentrosCex","skrollerbelt",9,0,0,9,2021-08-23
"eurocarne","aimplas",8,0,1,9,2021-08-23
"expoquimia","ICIQchem",9,0,0,9,2021-08-23
"fadiplastsl","aimplas",5,0,4,9,2021-08-23
"GVAivace","Julia_company",9,0,0,9,2021-08-23
"GVAivace","Redit_es",9,0,0,9,2021-08-23
"Hispackbcn","aimplas",9,0,0,9,2021-08-23
"MaripeSamper","skrollerbelt",8,0,1,9,2021-08-23
"PlasticsEuropES","aimplas",9,0,0,9,2021-08-23
"pteco2","aimplas",8,1,0,9,2021-08-23
"UPLIFT_EU","BioICEP_H2020",9,0,0,9,2021-08-23
"Vertidos_Cero","Vertidos_Cero",7,0,2,9,2021-08-23
"anacanoarribas","CoopsAgroCV",6,0,2,8,2021-08-23
"AvepAsociacion","AvepAsociacion",8,0,0,8,2021-08-23
"Eurosurfas","accio_cat",8,0,0,8,2021-08-23
"expoquimia","gremirecupera",8,0,0,8,2021-08-23
"expoquimia","LAB_Ecoinnova",8,0,0,8,2021-08-23
"expoquimia","Suruscircular",8,0,0,8,2021-08-23
"fruittoday","aimplas",8,0,0,8,2021-08-23
"GVAivace","Rafa_Climentg",8,0,0,8,2021-08-23
"industry_arena","aimplas",8,0,0,8,2021-08-23
"int_envase","aimplas",8,0,0,8,2021-08-23
"OceanetsProject","OceanetsProject",4,0,4,8,2021-08-23
"PlasticsWorld","aimplas",8,0,0,8,2021-08-23
"silviaavilesg","aimplas",8,0,0,8,2021-08-23
"SusChemSpain","aimplas",8,0,0,8,2021-08-23
"SusChemSpain","deborahciencia",7,1,0,8,2021-08-23
"UPLIFT_EU","t_uppe",8,0,0,8,2021-08-23
"WaystupH2020","aimplas",8,0,0,8,2021-08-23
"_asobiocom","aimplas",7,0,0,7,2021-08-23
"AEMAC_","aeroespacialUPM",7,0,0,7,2021-08-23
"ait_research","AitLibrary",7,0,0,7,2021-08-23
"Azmudeu","aimplas",7,0,0,7,2021-08-23
"Azmudeu","idainature",7,0,0,7,2021-08-23
"Azmudeu","tabitbilisim",7,0,0,7,2021-08-23
"Equiplast","accio_cat",7,0,0,7,2021-08-23
"Equiplast","Leitat",7,0,0,7,2021-08-23
"Eurosurfas","IREC_Energia",7,0,0,7,2021-08-23
"iambiente","aimplas",7,0,0,7,2021-08-23
"infoagrocom","aimplas",7,0,0,7,2021-08-23
"iResiduo","aimplas",7,0,0,7,2021-08-23
"ITC_ceramica","Redit_es",4,1,2,7,2021-08-23
"MaripeSamper","aimplas",7,0,0,7,2021-08-23
"OCRValencia","aimplas",7,0,0,7,2021-08-23
"OCRValencia","palbeme",7,0,0,7,2021-08-23
"RSM_es","aimplas",7,0,0,7,2021-08-23
"SusChemSpain","BASF_ES",7,0,0,7,2021-08-23
"SusChemSpain","Repsol",7,0,0,7,2021-08-23
"SusChemSpain","SABIC",7,0,0,7,2021-08-23
"UPLIFT_EU","MixUp_H2020",7,0,0,7,2021-08-23
"WaystupH2020","GVAivia",7,0,0,7,2021-08-23
"WaystupH2020","UA_Universidad",7,0,0,7,2021-08-23
"_asobiocom","CENER_Energia",6,0,0,6,2021-08-23
"aec_es","aec_es",1,0,5,6,2021-08-23
"AEMAC_","Eurecat_news",6,0,0,6,2021-08-23
"ait_research","AIT__LIT",6,0,0,6,2021-08-23
"anacanoarribas","aimplas",6,0,0,6,2021-08-23
"Asefapi_Es","aimplas",6,0,0,6,2021-08-23
"ceeivalencia","ainiatecnologia",6,0,0,6,2021-08-23
"ceeivalencia","BIOVAL_es",6,0,0,6,2021-08-23
"ceeivalencia","itenergia",6,0,0,6,2021-08-23
"CTplasUy","aimplas",6,0,0,6,2021-08-23
"DGreenblogger","aimplas",6,0,0,6,2021-08-23
"Equiplast","IREC_Energia",6,0,0,6,2021-08-23
"escamilla50","GVAeconomia",3,0,3,6,2021-08-23
"escamilla50","skrollerbelt",4,0,2,6,2021-08-23
"expoquimia","Eurecat_news",6,0,0,6,2021-08-23
"FuturEnviro","Cicloplast_com",6,0,0,6,2021-08-23
"FuturEnviro","GVAavi",6,0,0,6,2021-08-23
"iambiente","ainiatecnologia",6,0,0,6,2021-08-23
"ibv_org","GVAivace",6,0,0,6,2021-08-23
"ITC_ceramica","AIDIMME",6,0,0,6,2021-08-23
"itenergia","itenergia",6,0,0,6,2021-08-23
"mafehegu","aimplas",3,0,3,6,2021-08-23
"MaripeSamper","Grupo_TSK",6,0,0,6,2021-08-23
"MaripeSamper","Molecor",6,0,0,6,2021-08-23
"MaripeSamper","PigCHAMP_Europa",6,0,0,6,2021-08-23
"MaripeSamper","PlatinoEduca",6,0,0,6,2021-08-23
"OCRValencia","Redit_es",6,0,0,6,2021-08-23
"Redit_es","OCRValencia",6,0,0,6,2021-08-23
"RevistaRETEMA","ecodes",6,0,0,6,2021-08-23
"RevistaRETEMA","INTE_UPC",6,0,0,6,2021-08-23
"RSM_es","ainiatecnologia",6,0,0,6,2021-08-23
"SagredoMarco","aimplas",6,0,0,6,2021-08-23
"UPLIFT_EU","H2020demeto",6,0,0,6,2021-08-23
"Vertidos_Cero","uvigo",6,0,0,6,2021-08-23
"WaystupH2020","Biopolis_SL",6,0,0,6,2021-08-23
"WaystupH2020","BioSenseRS",6,0,0,6,2021-08-23
"WaystupH2020","fCIRCE",6,0,0,6,2021-08-23
"WaystupH2020","Novamont",6,0,0,6,2021-08-23
"WaystupH2020","SAV_lavega",6,0,0,6,2021-08-23
"WaystupH2020","Terra_i_Xufa",6,0,0,6,2021-08-23
"aec_es","AEDIVE",5,0,0,5,2021-08-23
"AEMAC_","amade_udg",5,0,0,5,2021-08-23
"AEMAC_","ImdeaMaterials",5,0,0,5,2021-08-23
"AEMAC_","industry_arena",3,0,2,5,2021-08-23
"AErasmusproject","aimplas",5,0,0,5,2021-08-23
"ait_research","AthloneIT",3,2,0,5,2021-08-23
"ait_research","AvecomNV",5,0,0,5,2021-08-23
"Azmudeu","Azmudeu",5,0,0,5,2021-08-23
"BeonNAT_H2020","aimplas",5,0,0,5,2021-08-23
"BeonNAT_H2020","BTU_CS",5,0,0,5,2021-08-23
"BeonNAT_H2020","CederCiemat",5,0,0,5,2021-08-23
"BeonNAT_H2020","FCesefor",5,0,0,5,2021-08-23
"BeonNAT_H2020","PEFCSpain",5,0,0,5,2021-08-23
"CdeCarnica","ainiatecnologia",5,0,0,5,2021-08-23
"ceeivalencia","Biopolis_SL",5,0,0,5,2021-08-23
"ceeivalencia","CDTIoficial",5,0,0,5,2021-08-23
"ceeivalencia","GVAeconomia",5,0,0,5,2021-08-23
"ceeivalencia","iata_csic",5,0,0,5,2021-08-23
"ceeivalencia","itene",5,0,0,5,2021-08-23
"ClusterMAV","aimplas",5,0,0,5,2021-08-23
"disruptores_inn","aimplas",5,0,0,5,2021-08-23
"ECOTOX2","Vertidos_Cero",3,0,2,5,2021-08-23
"emprenemjunts","itenergia",5,0,0,5,2021-08-23
"Equiplast","Cicloplast_com",5,0,0,5,2021-08-23
"Equiplast","Eurecat_news",5,0,0,5,2021-08-23
"escamilla50","aimplas",5,0,0,5,2021-08-23
"escamilla50","CentrosCex",5,0,0,5,2021-08-23
"escamilla50","GVAivace",5,0,0,5,2021-08-23
"escamilla50","Julia_company",5,0,0,5,2021-08-23
"escamilla50","Rafa_Climentg",5,0,0,5,2021-08-23
"esplasticos","aimplas",5,0,0,5,2021-08-23
"Eurosurfas","Eurecat_news",5,0,0,5,2021-08-23
"Eurosurfas","Leitat",5,0,0,5,2021-08-23
"expoquimia","AEMAC_",5,0,0,5,2021-08-23
"FCalidad","aimplas",4,0,1,5,2021-08-23
"Fedit","Redit_es",5,0,0,5,2021-08-23
"FEVEC_Valencia","aimplas",5,0,0,5,2021-08-23
"ffe_es","materplat",4,0,1,5,2021-08-23
"FuturEnviro","ainiatecnologia",5,0,0,5,2021-08-23
"FuturEnviro","Vertidos_Cero",5,0,0,5,2021-08-23
"GVAavi","GVAavi",5,0,0,5,2021-08-23
"GVAivace","CentrosCex",2,3,0,5,2021-08-23
"HABRILAN","AEMAC_",2,3,0,5,2021-08-23
"InterplastPT","aimplas",5,0,0,5,2021-08-23
"MaripeSamper","corifyAF",5,0,0,5,2021-08-23
"OCRValencia","Consum",5,0,0,5,2021-08-23
"OCRValencia","masapa1982",5,0,0,5,2021-08-23
"parccientificuv","aimplas",5,0,0,5,2021-08-23
"plasticoshita","aimplas",4,0,1,5,2021-08-23
"poscosecha","aimplas",5,0,0,5,2021-08-23
"pteco2","AgEInves",5,0,0,5,2021-08-23
"pteco2","incarCSIC",5,0,0,5,2021-08-23
"Regmurcialimpia","Ferfollos",3,0,2,5,2021-08-23
"RepetCoinnova","aimplas",4,1,0,5,2021-08-23
"RevistaMercados","aimplas",5,0,0,5,2021-08-23
"somoscidec","Afi_es",5,0,0,5,2021-08-23
"somoscidec","ainiatecnologia",5,0,0,5,2021-08-23
"somoscidec","fCIRCE",5,0,0,5,2021-08-23
"somoscidec","ICTA_UAB",5,0,0,5,2021-08-23
"ter4bithi4","aimplas",5,0,0,5,2021-08-23
"Vertidos_Cero","ArviInnovapesca",5,0,0,5,2021-08-23
"Vertidos_Cero","OceanetsProject",4,0,1,5,2021-08-23
"WaystupH2020","biobean",5,0,0,5,2021-08-23
"WaystupH2020","imec_int",5,0,0,5,2021-08-23
"WaystupH2020","NAFIGATECorp",5,0,0,5,2021-08-23
"WaystupH2020","ntua",5,0,0,5,2021-08-23
"WaystupH2020","SustainableCTgr",5,0,0,5,2021-08-23
"Wendy_Moreno_EU","ai_eic",3,0,2,5,2021-08-23
"aalbaperez","Redit_es",2,1,1,4,2021-08-23
"aec_es","AENOR",4,0,0,4,2021-08-23
"aec_es","AnfacAutomovil",4,0,0,4,2021-08-23
"aec_es","BoschEspana",4,0,0,4,2021-08-23
"aec_es","DeutzBS",4,0,0,4,2021-08-23
"aec_es","QualityCpa",4,0,0,4,2021-08-23
"AEMAC_","AEMAC_",0,1,3,4,2021-08-23
"AEMAC_","aernnova_usa",4,0,0,4,2021-08-23
"AEMAC_","Airbus",4,0,0,4,2021-08-23
"AEMAC_","AirbusHeli",4,0,0,4,2021-08-23
"AEMAC_","CentrosCex",2,0,2,4,2021-08-23
"AEMAC_","IDEKO_",4,0,0,4,2021-08-23
"AEMAC_","TalgoGroup",4,0,0,4,2021-08-23
"AEMAC_","tsisl_oficial",4,0,0,4,2021-08-23
"AErasmusproject","euhospitals",4,0,0,4,2021-08-23
"AErasmusproject","HIHIreland",4,0,0,4,2021-08-23
"AErasmusproject","IDIVALdireccion",4,0,0,4,2021-08-23
"AErasmusproject","Jobsatskills",4,0,0,4,2021-08-23
"AgoraScience","aimplas",4,0,0,4,2021-08-23
"Agrimax_EU","aimplas",4,0,0,4,2021-08-23
"AgroNewsCV","aimplas",4,0,0,4,2021-08-23
"ai_eic","AristosInfo",3,0,1,4,2021-08-23
"ai_eic","H2020_Partner",3,0,1,4,2021-08-23
"ai_eic","Wendy_Moreno_EU",3,0,1,4,2021-08-23
"aimplas","PackEuropeEli",2,0,2,4,2021-08-23
"aimplas","SustainableInnE",2,0,2,4,2021-08-23
"andresgilnogues","PlasticFV",2,1,1,4,2021-08-23
"AseTUB","aimplas",3,1,0,4,2021-08-23
"AvepAsociacion","ANAIP_es",4,0,0,4,2021-08-23
"AvepAsociacion","ANARPLA",4,0,0,4,2021-08-23
"AvepAsociacion","Cicloplast_com",4,0,0,4,2021-08-23
"Benihort","Benihort",2,0,2,4,2021-08-23
"BeonNAT_H2020","ContacticaInnov",4,0,0,4,2021-08-23
"BeonNAT_H2020","Envirohemp",4,0,0,4,2021-08-23
"BeonNAT_H2020","LeibnizATB",4,0,0,4,2021-08-23
"BeonNAT_H2020","NNFCC",4,0,0,4,2021-08-23
"BeonNAT_H2020","recordbioenergy",4,0,0,4,2021-08-23
"BIOVAL_es","ceeivalencia",4,0,0,4,2021-08-23
"BIOVAL_es","itenergia",4,0,0,4,2021-08-23
"botellas_eco","ResiduosPro",2,0,2,4,2021-08-23
"cdcampo1","aimplas",4,0,0,4,2021-08-23
"cdcampo1","CentrosCex",2,0,2,4,2021-08-23
"ceeivalencia","GVAivace",4,0,0,4,2021-08-23
"ceeivalencia","Redit_es",4,0,0,4,2021-08-23
"ceeivalencia","seimedcv",4,0,0,4,2021-08-23
"ClusterFPrint","aimplas",4,0,0,4,2021-08-23
"ClusterFPrint","PT3NEO",4,0,0,4,2021-08-23
"Consalud_es","aimplas",4,0,0,4,2021-08-23
"DominoPrint_ES","aimplas",4,0,0,4,2021-08-23
"DominoPrint_ES","RPM_Plasticos",2,0,2,4,2021-08-23
"Economia_3","aimplas",4,0,0,4,2021-08-23
"EcoxyProject","aimplas",3,0,1,4,2021-08-23
"EFE_CValenciana","aimplas",4,0,0,4,2021-08-23
"elEconomistaCV","aimplas",4,0,0,4,2021-08-23
"emprenemjunts","BIOVAL_es",4,0,0,4,2021-08-23
"emprenemjunts","Cicloplast_com",4,0,0,4,2021-08-23
"Equiplast","AEMAC_",4,0,0,4,2021-08-23
"esplasticos","Cicloplast_com",4,0,0,4,2021-08-23
"Eurosurfas","AEMAC_",4,0,0,4,2021-08-23
"Eurosurfas","linknovate",4,0,0,4,2021-08-23
"Eurosurfas","RECOTRANS_H2020",4,0,0,4,2021-08-23
"expoquimia","FIDAMC_",4,0,0,4,2021-08-23
"Fernando_Ca_63","SagredoMarco",2,0,2,4,2021-08-23
"ffe_es","ffe_es",4,0,0,4,2021-08-23
"ForoQyS","esplasticos",2,2,0,4,2021-08-23
"ForoQyS","SusChemSpain",2,2,0,4,2021-08-23
"Fund_Diversidad","aimplas",3,0,1,4,2021-08-23
"FuturEnviro","Afi_es",4,0,0,4,2021-08-23
"FuturEnviro","fCIRCE",4,0,0,4,2021-08-23
"FuturEnviro","GVAivace",4,0,0,4,2021-08-23
"FuturEnviro","ICTA_UAB",4,0,0,4,2021-08-23
"FuturEnviro","IDAEA_CSIC",4,0,0,4,2021-08-23
"FuturEnviro","PaisajeLimpio",4,0,0,4,2021-08-23
"garcia_saludes","Redit_es",3,0,1,4,2021-08-23
"GeriatricArea","aimplas",4,0,0,4,2021-08-23
"GeriatricArea","ibv_org",4,0,0,4,2021-08-23
"GVAavi","IISLaFe",3,1,0,4,2021-08-23
"GVAivace","GVAivace",4,0,0,4,2021-08-23
"HABRILAN","aimplas",4,0,0,4,2021-08-23
"Hispackbcn","ainiatecnologia",4,0,0,4,2021-08-23
"IBIAE","IBIAE",2,0,2,4,2021-08-23
"industry_arena","3Dnatives_ES",4,0,0,4,2021-08-23
"industry_arena","Leitat",4,0,0,4,2021-08-23
"industry_arena","tecnalia",4,0,0,4,2021-08-23
"IndustryTalksES","aimplas",3,0,1,4,2021-08-23
"InforetailNews","aimplas",4,0,0,4,2021-08-23
"ITC_ceramica","ainiatecnologia",4,0,0,4,2021-08-23
"ITC_ceramica","GVAivace",4,0,0,4,2021-08-23
"ITC_ceramica","ITI_TIC",4,0,0,4,2021-08-23
"ITI_TIC","aimplas",4,0,0,4,2021-08-23
"jhomstor","edpemo",2,0,2,4,2021-08-23
"KimitecGroup","BBI2020",2,2,0,4,2021-08-23
"KNAUFINDSPAIN","aimplas",4,0,0,4,2021-08-23
"LosPackaging","aimplas",2,0,2,4,2021-08-23
"MadresXClimaCan","Regmurcialimpia",2,0,2,4,2021-08-23
"marijosidemaya","deborahciencia",2,0,2,4,2021-08-23
"maytedomingo_","aimplas",4,0,0,4,2021-08-23
"maytedomingo_","ainiatecnologia",4,0,0,4,2021-08-23
"maytedomingo_","itenergia",4,0,0,4,2021-08-23
"maytedomingo_","ITI_TIC",4,0,0,4,2021-08-23
"maytedomingo_","Redit_es",4,0,0,4,2021-08-23
"MPN_Magazine","aimplas",3,0,1,4,2021-08-23
"OanaCaro","deborahciencia",2,0,2,4,2021-08-23
"OVTT","aimplas",4,0,0,4,2021-08-23
"PackagingEurope","aimplas",4,0,0,4,2021-08-23
"Packnet_","ainiatecnologia",4,0,0,4,2021-08-23
"Packnet_","Cicloplast_com",4,0,0,4,2021-08-23
"parccientificuv","parccientificuv",0,0,4,4,2021-08-23
"PlasticsEuropES","deborahciencia",3,1,0,4,2021-08-23
"pteco2","FunditecOrg",4,0,0,4,2021-08-23
"pteco2","tecnalia",4,0,0,4,2021-08-23
"pteco2","ualmeria",4,0,0,4,2021-08-23
"Redit_es","EU_H2020",4,0,0,4,2021-08-23
"Redit_es","palbeme",4,0,0,4,2021-08-23
"Regmurcialimpia","Afi_es",4,0,0,4,2021-08-23
"Regmurcialimpia","ainiatecnologia",4,0,0,4,2021-08-23
"Regmurcialimpia","fCIRCE",4,0,0,4,2021-08-23
"Regmurcialimpia","ICTA_UAB",4,0,0,4,2021-08-23
"Regmurcialimpia","IDAEA_CSIC",4,0,0,4,2021-08-23
"Regmurcialimpia","PaisajeLimpio",4,0,0,4,2021-08-23
"Regmurcialimpia","somoscidec",4,0,0,4,2021-08-23
"revista_PQ","aimplas",3,0,1,4,2021-08-23
"RevistaRETEMA","Cicloplast_com",4,0,0,4,2021-08-23
"RPM_Plasticos","ainiatecnologia",4,0,0,4,2021-08-23
"SOMM_alliance","ICTA_UAB",2,2,0,4,2021-08-23
"Vastuullisuus","aimplas",4,0,0,4,2021-08-23
"Vastuullisuus","Vastuullisuus",4,0,0,4,2021-08-23
"Vertidos_Cero","FBiodiversidad",4,0,0,4,2021-08-23
"Vesismin","aimplas",2,2,0,4,2021-08-23
"WaystupH2020","tuc_chania",4,0,0,4,2021-08-23
"10t_proyectos","aimplas",3,0,0,3,2021-08-23
"3duardoFG","ter4bithi4",1,1,1,3,2021-08-23
"AbelardoDuran","aimplas",2,0,1,3,2021-08-23
"ADCV_com","Redit_es",2,0,1,3,2021-08-23
"aec_es","AECA_ITV",3,0,0,3,2021-08-23
"aec_es","AEI_Rioja_Auto",3,0,0,3,2021-08-23
"aec_es","ANAIP_es",3,0,0,3,2021-08-23
"aec_es","AutomotiveCie",3,0,0,3,2021-08-23
"aec_es","CAARAUTOARAGON",3,0,0,3,2021-08-23
"aec_es","cluster_facyl",3,0,0,3,2021-08-23
"aec_es","EurofirmsGroup",3,0,0,3,2021-08-23
"aec_es","Fundacion_FUNME",3,0,0,3,2021-08-23
"aec_es","gestamp_es",3,0,0,3,2021-08-23
"aec_es","MBenzEspana",3,0,0,3,2021-08-23
"aec_es","sernauto",3,0,0,3,2021-08-23
"aec_es","TessiGroupe_es",3,0,0,3,2021-08-23
"aec_es","TRIGO_TQN",3,0,0,3,2021-08-23
"AEMAC_","aimenct",3,0,0,3,2021-08-23
"AEMAC_","Applynano",3,0,0,3,2021-08-23
"AEMAC_","CalpeIT",3,0,0,3,2021-08-23
"AEMAC_","CDTIoficial",3,0,0,3,2021-08-23
"AEMAC_","cimne",3,0,0,3,2021-08-23
"AEMAC_","expoquimia",2,1,0,3,2021-08-23
"AEMAC_","FagorAutomation",3,0,0,3,2021-08-23
"AEMAC_","ferrerdalmaucm",3,0,0,3,2021-08-23
"AEMAC_","HexcelCorp",3,0,0,3,2021-08-23
"AEMAC_","ictp_promocion",3,0,0,3,2021-08-23
"AEMAC_","IKERLANofficial",3,0,0,3,2021-08-23
"AEMAC_","Titania_aero",3,0,0,3,2021-08-23
"AErasmusproject","AMRCtraining",3,0,0,3,2021-08-23
"AErasmusproject","Itemas",3,0,0,3,2021-08-23
"AErasmusproject","NUIGinnovation",3,0,0,3,2021-08-23
"AErasmusproject","sheffielduni",3,0,0,3,2021-08-23
"AgoraScience","tecnalia",3,0,0,3,2021-08-23
"Agrimax_EU","BBI2020",3,0,0,3,2021-08-23
"Agrimax_EU","biconsortium",3,0,0,3,2021-08-23
"Agrimax_EU","EU_H2020",3,0,0,3,2021-08-23
"agrochemie","UPLIFT_EU",3,0,0,3,2021-08-23
"AgroNewsCV","ainiatecnologia",3,0,0,3,2021-08-23
"ai_eic","accio_cat",3,0,0,3,2021-08-23
"ai_eic","aimplas",3,0,0,3,2021-08-23
"ai_eic","biocat_cat",3,0,0,3,2021-08-23
"ai_eic","CDTIoficial",3,0,0,3,2021-08-23
"ai_eic","eencat",3,0,0,3,2021-08-23
"ai_eic","Eurecat_news",3,0,0,3,2021-08-23
"ai_eic","horizonexperts",3,0,0,3,2021-08-23
"ai_eic","IreneLarroy",3,0,0,3,2021-08-23
"ai_eic","itene",3,0,0,3,2021-08-23
"ai_eic","JCGarcia_CDTI",3,0,0,3,2021-08-23
"ai_eic","jordipietx",3,0,0,3,2021-08-23
"ai_eic","RosaAriasAlv",3,0,0,3,2021-08-23
"ai_eic","scibus",3,0,0,3,2021-08-23
"ai_eic","SorosGabinete",3,0,0,3,2021-08-23
"ai_eic","talk2much12",3,0,0,3,2021-08-23
"AIJU_Tecnologi","aimplas",3,0,0,3,2021-08-23
"aimplas","InescopTech",3,0,0,3,2021-08-23
"ainiatecnologia","Nestle_es",3,0,0,3,2021-08-23
"ait_research","SergioFCeballos",2,1,0,3,2021-08-23
"Alvaro_Eslu","GVAivace",3,0,0,3,2021-08-23
"ANAIP_es","BASF_ES",3,0,0,3,2021-08-23
"ANAIP_es","Repsol",3,0,0,3,2021-08-23
"anape_eps","aimplas",3,0,0,3,2021-08-23
"anape_eps","Cicloplast_com",3,0,0,3,2021-08-23
"AperitivoSnacks","aimplas",3,0,0,3,2021-08-23
"AsocEyC","aimplas",3,0,0,3,2021-08-23
"asociacionruvid","aimplas",3,0,0,3,2021-08-23
"AvepAsociacion","PlasticsEuropES",3,0,0,3,2021-08-23
"Avia_automocion","aimplas",3,0,0,3,2021-08-23
"Baliht_EU","aimplas",3,0,0,3,2021-08-23
"BeonNAT_H2020","BBI2020",3,0,0,3,2021-08-23
"BeonNAT_H2020","BeonNAT_H2020",0,0,3,3,2021-08-23
"BeonNAT_H2020","USVro",3,0,0,3,2021-08-23
"BIOnTop_Project","aimplas",3,0,0,3,2021-08-23
"BIOnTop_Project","BIOnTop_Project",3,0,0,3,2021-08-23
"BIOVAL_es","ainiatecnologia",3,0,0,3,2021-08-23
"BIOVAL_es","InescopTech",3,0,0,3,2021-08-23
"ceeivalencia","ceei",3,0,0,3,2021-08-23
"ceeivalencia","ceeivalencia",3,0,0,3,2021-08-23
"ceeivalencia","emprenemjunts",3,0,0,3,2021-08-23
"ClusterFPrint","fenin_es",3,0,0,3,2021-08-23
"ClusterFPrint","NanomedSpain",3,0,0,3,2021-08-23
"COGITIValencia","aimplas",3,0,0,3,2021-08-23
"compromisoclima","aimplas",2,0,1,3,2021-08-23
"CTplasUy","CTplasUy",2,1,0,3,2021-08-23
"ECAndalucia","aimplas",3,0,0,3,2021-08-23
"emprenemjunts","ainiatecnologia",3,0,0,3,2021-08-23
"Equiplast","ANAIP_es",3,0,0,3,2021-08-23
"Equiplast","FIDAMC_",3,0,0,3,2021-08-23
"Equiplast","harvestoreEU",3,0,0,3,2021-08-23
"Equiplast","ICIQchem",3,0,0,3,2021-08-23
"Equiplast","la_UPC",3,0,0,3,2021-08-23
"Equiplast","linknovate",3,0,0,3,2021-08-23
"Equiplast","PlasticsEuropES",3,0,0,3,2021-08-23
"Equiplast","RECOTRANS_H2020",3,0,0,3,2021-08-23
"Equiplast","tecnalia",3,0,0,3,2021-08-23
"escamilla50","JoseVilar3",3,0,0,3,2021-08-23
"escamilla50","RebecaOntinyent",3,0,0,3,2021-08-23
"escamilla50","Redit_es",3,0,0,3,2021-08-23
"escamilla50","Sebastia_Jordi",3,0,0,3,2021-08-23
"EUBioplastics","aimplas",3,0,0,3,2021-08-23
"eurocarne","ainiatecnologia",3,0,0,3,2021-08-23
"Eurosurfas","FIDAMC_",3,0,0,3,2021-08-23
"Eurosurfas","harvestoreEU",3,0,0,3,2021-08-23
"Eurosurfas","ICIQchem",3,0,0,3,2021-08-23
"Eurosurfas","la_UPC",3,0,0,3,2021-08-23
"Fedit","InescopTech",3,0,0,3,2021-08-23
"Fedit","ITC_ceramica",3,0,0,3,2021-08-23
"ffe_es","aimplas",3,0,0,3,2021-08-23
"ffe_es","CIDETEC_",3,0,0,3,2021-08-23
"FuturEnviro","ACCIONA",3,0,0,3,2021-08-23
"FuturEnviro","TOMRARecycling",3,0,0,3,2021-08-23
"GoHubTech","aimplas",3,0,0,3,2021-08-23
"GVAavi","Benihort",3,0,0,3,2021-08-23
"GVAavi","Betelgeux_es",3,0,0,3,2021-08-23
"GVAavi","IBMCP",3,0,0,3,2021-08-23
"GVAavi","ITC_Packaging",3,0,0,3,2021-08-23
"GVAavi","ITQ_UPVCSIC",3,0,0,3,2021-08-23
"GVAavi","UPV",3,0,0,3,2021-08-23
"GVAivace","AIDIMME",3,0,0,3,2021-08-23
"HABRILAN","AdvanFactories",2,0,1,3,2021-08-23
"IBIAE","aimplas",3,0,0,3,2021-08-23
"ibv_org","HGUVALENCIA",3,0,0,3,2021-08-23
"ibv_org","ibv_org",3,0,0,3,2021-08-23
"ibv_org","IRTIC_UV",3,0,0,3,2021-08-23
"industry_arena","AEMAC_",3,0,0,3,2021-08-23
"industry_arena","ENCS_CyberSec",3,0,0,3,2021-08-23
"industry_arena","Eurecat_news",3,0,0,3,2021-08-23
"industry_arena","festo_global",3,0,0,3,2021-08-23
"industry_arena","HispaRob",3,0,0,3,2021-08-23
"industry_arena","HP",3,0,0,3,2021-08-23
"industry_arena","IAM3DHUB",3,0,0,3,2021-08-23
"industry_arena","interempresas",3,0,0,3,2021-08-23
"industry_arena","MundoEmpresas",3,0,0,3,2021-08-23
"industry_arena","NAutomatizacion",3,0,0,3,2021-08-23
"industry_arena","SECARTYS",3,0,0,3,2021-08-23
"IndustryTalksES","IndustryTalksES",3,0,0,3,2021-08-23
"int_automocio","aimplas",3,0,0,3,2021-08-23
"int_reciclaje","aimplas",3,0,0,3,2021-08-23
"ITC_ceramica","AIJU_Tecnologi",3,0,0,3,2021-08-23
"ITC_ceramica","aitex_es",3,0,0,3,2021-08-23
"ITC_ceramica","ibv_org",3,0,0,3,2021-08-23
"ITC_ceramica","InescopTech",3,0,0,3,2021-08-23
"ITC_ceramica","itene",3,0,0,3,2021-08-23
"ITC_ceramica","itenergia",3,0,0,3,2021-08-23
"izarotech","Cicloplast_com",3,0,0,3,2021-08-23
"izarotech","GVAivace",3,0,0,3,2021-08-23
"jealvarez","aimplas",3,0,0,3,2021-08-23
"Mateprincs","aimplas",3,0,0,3,2021-08-23
"Mateprincs","Mateprincs",1,0,2,3,2021-08-23
"materplat","ffe_es",2,0,1,3,2021-08-23
"maytedomingo_","AIDIMME",3,0,0,3,2021-08-23
"maytedomingo_","valenciaplaza",3,0,0,3,2021-08-23
"NagrifoodClust","aimplas",3,0,0,3,2021-08-23
"NagrifoodClust","itene",3,0,0,3,2021-08-23
"NagrifoodClust","unav",3,0,0,3,2021-08-23
"NagrifoodClust","UNavarra",3,0,0,3,2021-08-23
"NagrifoodClust","Zabala_IC",3,0,0,3,2021-08-23
"NontoxProject","NontoxProject",2,0,1,3,2021-08-23
"OceanetsProject","ArviInnovapesca",3,0,0,3,2021-08-23
"OceanetsProject","ecoalf",3,0,0,3,2021-08-23
"OceanetsProject","EU_MARE",3,0,0,3,2021-08-23
"OceanetsProject","Vertidos_Cero",3,0,0,3,2021-08-23
"OleoRevista","aimplas",3,0,0,3,2021-08-23
"Packnet_","Alimarket",3,0,0,3,2021-08-23
"Packnet_","Food4LifeSPAIN",3,0,0,3,2021-08-23
"Packnet_","Sealed_Air",3,0,0,3,2021-08-23
"Packnet_","UABBarcelona",3,0,0,3,2021-08-23
"pharmamarket","IISLaFe",3,0,0,3,2021-08-23
"Plastico_Indl","aimplas",3,0,0,3,2021-08-23
"PlasticsEuropES","BASF_ES",3,0,0,3,2021-08-23
"PlasticsEuropES","Repsol",3,0,0,3,2021-08-23
"PlasticsEuropES","SABIC",3,0,0,3,2021-08-23
"poscosecha","ainiatecnologia",3,0,0,3,2021-08-23
"preserve_h2020","aimplas",2,1,0,3,2021-08-23
"pteco2","pteco2",1,2,0,3,2021-08-23
"recosol_pr","aimplas",3,0,0,3,2021-08-23
"Redit_es","masapa1982",3,0,0,3,2021-08-23
"Redit_es","valenciaplaza",3,0,0,3,2021-08-23
"Regmurcialimpia","AEMArm",3,0,0,3,2021-08-23
"REMADYL_EU","EU_EASME",2,0,1,3,2021-08-23
"revistaide","Cicloplast_com",3,0,0,3,2021-08-23
"RevistaMercados","ainiatecnologia",3,0,0,3,2021-08-23
"SagredoMarco","entidadPTV",3,0,0,3,2021-08-23
"SofiaRTD","aimplas",3,0,0,3,2021-08-23
"somoscidec","PaisajeLimpio",3,0,0,3,2021-08-23
"SusanaPBadal","MAmbienteBP_UJI",2,0,1,3,2021-08-23
"SusChemSpain","PlasticsEuropES",3,0,0,3,2021-08-23
"SustainPlastics","TNO_Research",3,0,0,3,2021-08-23
"Tecnifood","AvepAsociacion",3,0,0,3,2021-08-23
"Tecnifood","GVAavi",3,0,0,3,2021-08-23
"ter4bithi4","ANAIP_es",3,0,0,3,2021-08-23
"ter4bithi4","Cicloplast_com",3,0,0,3,2021-08-23
"ter4bithi4","esplasticos",3,0,0,3,2021-08-23
"ter4bithi4","PlasticsEuropES",3,0,0,3,2021-08-23
"TeximInfo","ainiatecnologia",3,0,0,3,2021-08-23
"veredictas","CEPplast",2,0,1,3,2021-08-23
"Vertidos_Cero","ECOTOX2",2,0,1,3,2021-08-23
"WaystupH2020","BIOCAR_CIEMAT",3,0,0,3,2021-08-23
"WaystupH2020","DraxisEnv",3,0,0,3,2021-08-23
"WaystupH2020","WaystupH2020",3,0,0,3,2021-08-23
"WomenInPlastic","aimplas",3,0,0,3,2021-08-23
"3Recycler","RevistaAlimenta",1,0,1,2,2021-08-23
"88Harleen","aimplas",1,0,1,2,2021-08-23
"aalbaperez","AIJU_Tecnologi",2,0,0,2,2021-08-23
"aalbaperez","aimplas",2,0,0,2,2021-08-23
"aalbaperez","ainiatecnologia",2,0,0,2,2021-08-23
"aalbaperez","aitex_es",2,0,0,2,2021-08-23
"aalbaperez","ibv_org",2,0,0,2,2021-08-23
"aalbaperez","InescopTech",2,0,0,2,2021-08-23
"aalbaperez","ITC_ceramica",2,0,0,2,2021-08-23
"aalbaperez","itene",2,0,0,2,2021-08-23
"aalbaperez","ITI_TIC",2,0,0,2,2021-08-23
"AbelardoDuran","AbelardoDuran",0,2,0,2,2021-08-23
"acanocoloma","skrollerbelt",1,0,1,2,2021-08-23
"actualidadaero","aimplas",1,0,1,2,2021-08-23
"AdvanFactories","aimplas",2,0,0,2,2021-08-23
"aec_es","AIN_Navarra",2,0,0,2,2021-08-23
"aec_es","Antolin_Oficial",2,0,0,2,2021-08-23
"aec_es","FCalidad",2,0,0,2,2021-08-23
"aec_es","GanvamOficial",2,0,0,2,2021-08-23
"aec_es","Gonvarri",2,0,0,2,2021-08-23
"aec_es","PolyWorks",2,0,0,2,2021-08-23
"AEMAC_","3Dnatives_ES",2,0,0,2,2021-08-23
"AEMAC_","AEBALL_UPMBALL",2,0,0,2,2021-08-23
"AEMAC_","AerAutomation",2,0,0,2,2021-08-23
"AEMAC_","aiasasociacion",2,0,0,2,2021-08-23
"AEMAC_","CEPplast",2,0,0,2,2021-08-23
"AEMAC_","CIDESIMX",2,0,0,2,2021-08-23
"AEMAC_","ClusterCICAT",2,0,0,2,2021-08-23
"AEMAC_","DANOBATGROUP",2,0,0,2,2021-08-23
"AEMAC_","DanobatSheetMet",2,0,0,2,2021-08-23
"AEMAC_","Equiplast",2,0,0,2,2021-08-23
"AEMAC_","Eurosurfas",2,0,0,2,2021-08-23
"AEMAC_","GrupoOlmar",2,0,0,2,2021-08-23
"AEMAC_","HispaRob",2,0,0,2,2021-08-23
"AEMAC_","innovallcluster",2,0,0,2,2021-08-23
"AEMAC_","mincoturgob",2,0,0,2,2021-08-23
"AEMAC_","OceanetsProject",2,0,0,2,2021-08-23
"AEMAC_","RECOTRANS_H2020",1,0,1,2,2021-08-23
"AEMAC_","SECARTYS",2,0,0,2,2021-08-23
"AEMAC_","tecnalia",2,0,0,2,2021-08-23
"AEMAC_","testia",2,0,0,2,2021-08-23
"AEMAC_","tknika",2,0,0,2,2021-08-23
"AEMAC_","urjc",2,0,0,2,2021-08-23
"AEMAC_","ZiurComposites",2,0,0,2,2021-08-23
"agapi_comunica","PlatinoEduca",1,0,1,2,2021-08-23
"AgoraScience","ANARPLA",1,0,1,2,2021-08-23
"AgoraScience","Cicloplast_com",2,0,0,2,2021-08-23
"AgoraScience","DaleVida_Plaas",1,1,0,2,2021-08-23
"AgoraScience","Leitat",2,0,0,2,2021-08-23
"agrochemie","acibGmbH",2,0,0,2,2021-08-23
"agrochemie","aimplas",2,0,0,2,2021-08-23
"agrochemie","Bioplastech",2,0,0,2,2021-08-23
"agrochemie","EU_H2020",2,0,0,2,2021-08-23
"agrochemie","fz_juelich",2,0,0,2,2021-08-23
"agrochemie","LeibnizHKI",2,0,0,2,2021-08-23
"agrochemie","RWTH",2,0,0,2,2021-08-23
"agrochemie","SustainableInnE",2,0,0,2,2021-08-23
"agrochemie","TECNARO_GmbH",2,0,0,2,2021-08-23
"agrochemie","ucddublin",2,0,0,2,2021-08-23
"AIJU_Tecnologi","GVAlabora",2,0,0,2,2021-08-23
"AIJU_Tecnologi","manudbto",1,0,1,2,2021-08-23
"AIJU_Tecnologi","RachelRock2",1,0,1,2,2021-08-23
"AIJU_Tecnologi","Redit_es",1,0,1,2,2021-08-23
"aimplas","3Dnatives_ES",2,0,0,2,2021-08-23
"aimplas","aec_es",2,0,0,2,2021-08-23
"aimplas","esplasticos",1,0,1,2,2021-08-23
"aimplas","GVAivace",2,0,0,2,2021-08-23
"aimplas","IndustrialesCV",1,0,1,2,2021-08-23
"aimplas","PackagingEurope",2,0,0,2,2021-08-23
"aimplas","ReportsMarkets",2,0,0,2,2021-08-23
"aimplas","universitatURV",2,0,0,2,2021-08-23
"aimplas","UPV",1,0,1,2,2021-08-23
"aimplas","urjc",2,0,0,2,2021-08-23
"ainiatecnologia","ANAIP_es",2,0,0,2,2021-08-23
"ainiatecnologia","ANARPLA",2,0,0,2,2021-08-23
"ainiatecnologia","iambiente",2,0,0,2,2021-08-23
"ainiatecnologia","Tecnifood",2,0,0,2,2021-08-23
"AIPIAcongress","3dclickclick",2,0,0,2,2021-08-23
"AIPIAcongress","AbbottGlobal",2,0,0,2,2021-08-23
"AIPIAcongress","Abigail__Dixon",2,0,0,2,2021-08-23
"AIPIAcongress","Accenture",2,0,0,2,2021-08-23
"AIPIAcongress","Advanced_TT",2,0,0,2,2021-08-23
"AIPIAcongress","AgriFoodX",2,0,0,2,2021-08-23
"AIPIAcongress","aimplas",2,0,0,2,2021-08-23
"ait_research","BioengPT",2,0,0,2,2021-08-23
"ait_research","BioICEP_H2020",2,0,0,2,2021-08-23
"ait_research","chemengntua",2,0,0,2,2021-08-23
"ait_research","EU_Commission",2,0,0,2,2021-08-23
"ait_research","LimerickIT",2,0,0,2,2021-08-23
"ait_research","MRI_AthloneIT",2,0,0,2,2021-08-23
"ait_research","tcddublin",2,0,0,2,2021-08-23
"ALBAsynchrotron","khaqanshati",1,0,1,2,2021-08-23
"alcaide_mkt","PactoMundial",1,0,1,2,2021-08-23
"Alvaro_Eslu","ainiatecnologia",2,0,0,2,2021-08-23
"Alvaro_Eslu","CDTIoficial",2,0,0,2,2021-08-23
"Alvaro_Eslu","GVAavi",2,0,0,2,2021-08-23
"Alvaro_Eslu","IDAEA_CSIC",2,0,0,2,2021-08-23
"Alvaro_Eslu","ITC_ceramica",1,0,1,2,2021-08-23
"Alvaro_Eslu","mincoturgob",2,0,0,2,2021-08-23
"Alvaro_Eslu","sost_cdti",2,0,0,2,2021-08-23
"Amgarve","aimplas",1,0,1,2,2021-08-23
"anacanoarribas","Benihort",2,0,0,2,2021-08-23
"anacanoarribas","IBMCP",2,0,0,2,2021-08-23
"ANAIP_es","_asobiocom",1,0,1,2,2021-08-23
"ANAIP_es","CEIS_spain",2,0,0,2,2021-08-23
"ANAIP_es","Cicloplast_com",2,0,0,2,2021-08-23
"ANAIP_es","DANOSA_SPAIN",2,0,0,2,2021-08-23
"ANAIP_es","PlasticsEuropES",1,0,1,2,2021-08-23
"ANAIP_es","RecicladosLaRed",2,0,0,2,2021-08-23
"ANAIP_es","SABIC",2,0,0,2,2021-08-23
"anape_eps","esplasticos",1,0,1,2,2021-08-23
"AndreaCasoF","Redit_es",1,0,1,2,2021-08-23
"andresgilnogues","aimplas",2,0,0,2,2021-08-23
"andresgilnogues","AvepAsociacion",2,0,0,2,2021-08-23
"andresgilnogues","Feria_Valencia",2,0,0,2,2021-08-23
"AnjanaLeon","CentrosCex",1,0,1,2,2021-08-23
"AnsiaDe","aimplas",2,0,0,2,2021-08-23
"AnsiaDe","ANAIP_es",1,0,1,2,2021-08-23
"AnsiaDe","asegre01",1,0,1,2,2021-08-23
"apk_ag","PlasticsEurope",1,1,0,2,2021-08-23
"apuntnoticies","aimplas",2,0,0,2,2021-08-23
"AristosInfo","ai_eic",1,0,1,2,2021-08-23
"AseTUB","AseTUB",2,0,0,2,2021-08-23
"AtfProfessional","aimplas",2,0,0,2,2021-08-23
"atmbiopro","UNLOCK_BBI",1,0,1,2,2021-08-23
"automatica_","aimplas",2,0,0,2,2021-08-23
"AVEmpresarios","garcia_saludes",2,0,0,2,2021-08-23
"AVEmpresarios","Redit_es",1,0,1,2,2021-08-23
"Baliht_EU","inea_eu",1,1,0,2,2021-08-23
"Bel21108685","aimplas",1,0,1,2,2021-08-23
"Benihort","aimplas",2,0,0,2,2021-08-23
"Benihort","IBMCP",2,0,0,2,2021-08-23
"BeonNAT_H2020","ipbraganca",2,0,0,2,2021-08-23
"BIOnTop_Project","EUBioplastics",1,1,0,2,2021-08-23
"bioplasticsmag","aimplas",2,0,0,2,2021-08-23
"BioSenseRS","WaystupH2020",1,1,0,2,2021-08-23
"BiotechAndrew","aimplas",2,0,0,2,2021-08-23
"BIOVAL_es","AIDIMME",2,0,0,2,2021-08-23
"BIOVAL_es","Biopolis_SL",2,0,0,2,2021-08-23
"BIOVAL_es","CDTIoficial",2,0,0,2,2021-08-23
"BIOVAL_es","GVAeconomia",2,0,0,2,2021-08-23
"BIOVAL_es","GVAivace",2,0,0,2,2021-08-23
"BIOVAL_es","iata_csic",2,0,0,2,2021-08-23
"BIOVAL_es","itene",2,0,0,2,2021-08-23
"BIOVAL_es","Redit_es",2,0,0,2,2021-08-23
"BIOVAL_es","seimedcv",2,0,0,2,2021-08-23
"BioVale_Cluster","Agrimax_EU",1,0,1,2,2021-08-23
"botellas_eco","aimplas",2,0,0,2,2021-08-23
"cabocla2001","Feique_ES",1,0,1,2,2021-08-23
"carlosgarcia_85","ainiatecnologia",1,1,0,2,2021-08-23
"cdcampo1","OceanetsProject",2,0,0,2,2021-08-23
"CdeCarnica","Salvy_FoToLoSaL",1,0,1,2,2021-08-23
"CdeCarnica","vayavacacom",2,0,0,2,2021-08-23
"CDTIoficial","aimplas",2,0,0,2,2021-08-23
"CEPplast","aimplas",2,0,0,2,2021-08-23
"CEPplast","industry_arena",1,0,1,2,2021-08-23
"CEPplast","veredictas",1,0,1,2,2021-08-23
"CetecCentro","ainiatecnologia",1,1,0,2,2021-08-23
"Cicloplast_com","ANARPLA",2,0,0,2,2021-08-23
"Cicloplast_com","AvepAsociacion",2,0,0,2,2021-08-23
"Cicloplast_com","Cicloplast_com",0,0,2,2,2021-08-23
"Cicloplast_com","esplasticos",0,2,0,2,2021-08-23
"Cicloplast_com","PlasticsEuropES",2,0,0,2,2021-08-23
"cinea_eu","aimplas",2,0,0,2,2021-08-23
"cinea_eu","OceanetsProject",2,0,0,2,2021-08-23
"CircolarMenteNS","aimplas",2,0,0,2,2021-08-23
"Club_Excelencia","aimplas",2,0,0,2,2021-08-23
"ClusterFPrint","Rev_Pressgraph",1,1,0,2,2021-08-23
"COEXPAN_","aimplas",2,0,0,2,2021-08-23
"CompositesSpain","aimplas",2,0,0,2,2021-08-23
"CompositesSpain","CompositesSpain",2,0,0,2,2021-08-23
"CompositesSpain","MetalMadridEs",2,0,0,2,2021-08-23
"CosmeticLatam","aimplas",2,0,0,2,2021-08-23
"Crowdhelix","aimplas",2,0,0,2,2021-08-23
"Daype98","aimplas",2,0,0,2,2021-08-23
"deborahciencia","PilMontana",1,0,1,2,2021-08-23
"DGreenblogger","DGreenblogger",0,0,2,2,2021-08-23
"DGreenblogger","PERCAL_Project",2,0,0,2,2021-08-23
"DisenoCiudad","aimplas",2,0,0,2,2021-08-23
"disruptores_inn","Javarnau",2,0,0,2,2021-08-23
"disruptores_inn","UV_EG",2,0,0,2,2021-08-23
"DominoPrint_ES","Mundoplast",1,0,1,2,2021-08-23
"DominoPrint_ES","RevistaInfopack",1,0,1,2,2021-08-23
"DominoPrint_Mx","aimplas",1,0,1,2,2021-08-23
"DriadeSM","expoquimia",1,0,1,2,2021-08-23
"DriadeSM","gremirecupera",2,0,0,2,2021-08-23
"DriadeSM","LAB_Ecoinnova",2,0,0,2,2021-08-23
"DulcesNoticias","aimplas",2,0,0,2,2021-08-23
"EcoconstruMag","aimplas",2,0,0,2,2021-08-23
"ecoticiasRED","aimplas",2,0,0,2,2021-08-23
"ECOTOX2","aimplas",2,0,0,2,2021-08-23
"ECOTOX2","FBiodiversidad",2,0,0,2,2021-08-23
"ECOTOX2","FValenciaport",2,0,0,2,2021-08-23
"ECOTOX2","uvigo",2,0,0,2,2021-08-23
"EDICIONESSIBILA","AIDIMME",2,0,0,2,2021-08-23
"EDICIONESSIBILA","aimplas",2,0,0,2,2021-08-23
"EDICIONESSIBILA","InescopTech",2,0,0,2,2021-08-23
"edpemo","AgoraScience",1,0,1,2,2021-08-23
"EduTorregrosa12","skrollerbelt",1,0,1,2,2021-08-23
"elEconomistaCV","Redit_es",2,0,0,2,2021-08-23
"elperiodic","Actecosl",2,0,0,2,2021-08-23
"elperiodic","aimplas",2,0,0,2,2021-08-23
"emprenemjunts","AIDIMME",2,0,0,2,2021-08-23
"emprenemjunts","aitex_es",2,0,0,2,2021-08-23
"emprenemjunts","GVAeconomia",2,0,0,2,2021-08-23
"emprenemjunts","GVAivace",2,0,0,2,2021-08-23
"emprenemjunts","InescopTech",2,0,0,2,2021-08-23
"emprenemjunts","Redit_es",2,0,0,2,2021-08-23
"emprenemjunts","UPV",2,0,0,2,2021-08-23
"entidadPTV","aimplas",2,0,0,2,2021-08-23
"Erumgroup","aimplas",2,0,0,2,2021-08-23
"Erumgroup","GVAavi",2,0,0,2,2021-08-23
"escamilla50","ceeivalencia",2,0,0,2,2021-08-23
"escamilla50","generalitat",2,0,0,2,2021-08-23
"escamilla50","Startup_VLC",2,0,0,2,2021-08-23
"esplasticos","esplasticos",2,0,0,2,2021-08-23
"excedentesolar","BrigadistaR",1,0,1,2,2021-08-23
"Fedit","AIDIMME",2,0,0,2,2021-08-23
"Fedit","aiglesiasfraga",2,0,0,2,2021-08-23
"Fedit","CETEM_CT",2,0,0,2,2021-08-23
"Fedit","disruptores_inn",1,1,0,2,2021-08-23
"Fedit","Eurecat_news",2,0,0,2,2021-08-23
"Fedit","GVAivace",2,0,0,2,2021-08-23
"Ferfollos","Regmurcialimpia",1,0,1,2,2021-08-23
"feriaecofira","aimplas",2,0,0,2,2021-08-23
"Fernando_Ca_63","aimplas",2,0,0,2,2021-08-23
"FEVEC_Valencia","FEVEC_Valencia",2,0,0,2,2021-08-23
"ffe_es","CienciaGob",2,0,0,2,2021-08-23
"ffe_es","ImdeaMaterials",2,0,0,2,2021-08-23
"ffe_es","NavantiaOficial",2,0,0,2,2021-08-23
"fgirona","anacanoarribas",1,0,1,2,2021-08-23
"FIDAMC_","aimplas",2,0,0,2,2021-08-23
"financialfood","aimplas",1,0,1,2,2021-08-23
"FlotantProject","aimplas",2,0,0,2,2021-08-23
"FlotantProject","ITA_RWTHAachen",2,0,0,2,2021-08-23
"FlotantProject","plocan",2,0,0,2,2021-08-23
"food_retail","aimplas",2,0,0,2,2021-08-23
"Food4LifeSPAIN","aimplas",2,0,0,2,2021-08-23
"Food4LifeSPAIN","Food4LifeSPAIN",2,0,0,2,2021-08-23
"Food4LifeSPAIN","Fuelium_",2,0,0,2,2021-08-23
"Food4LifeSPAIN","packcluster",2,0,0,2,2021-08-23
"ForoQyS","BASF_ES",2,0,0,2,2021-08-23
"ForoQyS","Cicloplast_com",2,0,0,2,2021-08-23
"ForoQyS","PlasticsEuropES",2,0,0,2,2021-08-23
"ForoQyS","Redit_es",1,1,0,2,2021-08-23
"ForoQyS","Repsol",2,0,0,2,2021-08-23
"ForoQyS","SABIC",2,0,0,2,2021-08-23
"FuturEnviro","Actecosl",2,0,0,2,2021-08-23
"FuturEnviro","ANARPLA",2,0,0,2,2021-08-23
"FuturEnviro","Benihort",2,0,0,2,2021-08-23
"FuturEnviro","CarmofProject",2,0,0,2,2021-08-23
"FuturEnviro","GlobalOmnium",2,0,0,2,2021-08-23
"FuturEnviro","IBMCP",2,0,0,2,2021-08-23
"FuturEnviro","TeknikerOficial",2,0,0,2,2021-08-23
"FuturEnviro","VeoliaWaterTech",2,0,0,2,2021-08-23
"GoHubTech","aganovagrupo",2,0,0,2,2021-08-23
"GoHubTech","EosOrbital",2,0,0,2,2021-08-23
"GoHubTech","GlobalOmnium",2,0,0,2,2021-08-23
"GoHubTech","lasprovincias",2,0,0,2,2021-08-23
"GoHubTech","LinkenerSpain",2,0,0,2,2021-08-23
"GrupoTHM","aimplas",2,0,0,2,2021-08-23
"GVAavi","Actecosl",2,0,0,2,2021-08-23
"GVAavi","HospitalLaFe",2,0,0,2,2021-08-23
"GVAavi","realturfoficial",2,0,0,2,2021-08-23
"GVAavi","UA_Universitat",2,0,0,2,2021-08-23
"GVAavi","UV_EG",2,0,0,2,2021-08-23
"GVAeconomia","aimplas",2,0,0,2,2021-08-23
"GVAeconomia","GVAivace",2,0,0,2,2021-08-23
"GVAeconomia","Rafa_Climentg",2,0,0,2,2021-08-23
"GVAinnova","aimplas",1,1,0,2,2021-08-23
"GVAivace","ainiatecnologia",2,0,0,2,2021-08-23
"GVAivace","InescopTech",2,0,0,2,2021-08-23
"GVAivace","itene",2,0,0,2,2021-08-23
"GVAivace","seimedcv",1,1,0,2,2021-08-23
"GVAivace","skrollerbelt",2,0,0,2,2021-08-23
"H2020_Partner","IreneLarroy",2,0,0,2,2021-08-23
"H2020_Partner","talk2much12",1,0,1,2,2021-08-23
"HABRILAN","FIDAMC_",2,0,0,2,2021-08-23
"hasta_el_lunes","aimplas",2,0,0,2,2021-08-23
"hasta_el_lunes","reverdeconcausa",1,0,1,2,2021-08-23
"i_alimentacion","aimplas",2,0,0,2,2021-08-23
"iambiente","Redit_es",2,0,0,2,2021-08-23
"IBMCP","aimplas",2,0,0,2,2021-08-23
"IBMCP","Benihort",2,0,0,2,2021-08-23
"IBMCP","IBMCP",2,0,0,2,2021-08-23
"impulsa_ciu","CTplasUy",1,1,0,2,2021-08-23
"InboplastMx","aimplas",1,0,1,2,2021-08-23
"industry_arena","AEBALL_UPMBALL",2,0,0,2,2021-08-23
"industry_arena","AerAutomation",2,0,0,2,2021-08-23
"industry_arena","aiasasociacion",2,0,0,2,2021-08-23
"industry_arena","CEPplast",2,0,0,2,2021-08-23
"industry_arena","ClusterCICAT",2,0,0,2,2021-08-23
"industry_arena","innovallcluster",2,0,0,2,2021-08-23
"iolunadeJupiter","CSIC",1,0,1,2,2021-08-23
"IreneLarroy","ai_eic",2,0,0,2,2021-08-23
"IreneLarroy","AristosInfo",1,0,1,2,2021-08-23
"iResiduo","UVa_es",2,0,0,2,2021-08-23
"ISWA_org","aimplas",2,0,0,2,2021-08-23
"ISWA_org","Centexbel",2,0,0,2,2021-08-23
"ISWA_org","DECOATEU",2,0,0,2,2021-08-23
"ISWA_org","RESCOLL",2,0,0,2,2021-08-23
"ITACYL","aimplas",2,0,0,2,2021-08-23
"ITACYL","FGULEM",2,0,0,2,2021-08-23
"ITACYL","fgusal",2,0,0,2,2021-08-23
"ITACYL","FundacionUBU",2,0,0,2,2021-08-23
"ITACYL","fungeuva",2,0,0,2,2021-08-23
"ITC_ceramica","CienciaGob",2,0,0,2,2021-08-23
"ITC_ceramica","GVAavi",2,0,0,2,2021-08-23
"itenergia","grupoenercoop",2,0,0,2,2021-08-23
"itenergia","sapiensenergia",2,0,0,2,2021-08-23
"ITQ_UPVCSIC","aimplas",2,0,0,2,2021-08-23
"ITQ_UPVCSIC","GVAavi",2,0,0,2,2021-08-23
"ITQ_UPVCSIC","IISLaFe",2,0,0,2,2021-08-23
"ITQ_UPVCSIC","ITQ_UPVCSIC",2,0,0,2,2021-08-23
"ITQ_UPVCSIC","UPV",2,0,0,2,2021-08-23
"izarotech","ANARPLA",2,0,0,2,2021-08-23
"izarotech","BioICEP_IMGGE",1,0,1,2,2021-08-23
"izarotech","raorsamaq",1,0,1,2,2021-08-23
"IzasaScientific","aimplas",1,1,0,2,2021-08-23
"jadfrias","deborahciencia",2,0,0,2,2021-08-23
"jadfrias","SusChemSpain",1,0,1,2,2021-08-23
"JCGarcia_CDTI","aimplas",2,0,0,2,2021-08-23
"JCGarcia_CDTI","CDTIoficial",0,2,0,2,2021-08-23
"JECComposites","aimplas",2,0,0,2,2021-08-23
"jhomstor","AgoraScience",2,0,0,2,2021-08-23
"jhomstor","aimplas",2,0,0,2,2021-08-23
"jhomstor","AvepAsociacion",2,0,0,2,2021-08-23
"jhomstor","Avia_automocion",2,0,0,2,2021-08-23
"jhomstor","CEPplast",2,0,0,2,2021-08-23
"jhomstor","HP",2,0,0,2,2021-08-23
"jhomstor","IAM3DHUB",2,0,0,2,2021-08-23
"jhomstor","industry_arena",2,0,0,2,2021-08-23
"jhomstor","PlasticsEuropES",2,0,0,2,2021-08-23
"joanros78","aimplas",1,0,1,2,2021-08-23
"juliatomas3","ibv_org",1,1,0,2,2021-08-23
"khaqanshati","ALBAsynchrotron",1,0,1,2,2021-08-23
"KimitecGroup","2Bortolozzo",2,0,0,2,2021-08-23
"KimitecGroup","aimplas",2,0,0,2,2021-08-23
"KimitecGroup","mi_sustainable",2,0,0,2,2021-08-23
"KimitecGroup","VITObelgium",2,0,0,2,2021-08-23
"lacarolinajaen","skrollerbelt",1,0,1,2,2021-08-23
"LasNavesINN","aimplas",2,0,0,2,2021-08-23
"LasNavesINN","carlosgaliana",2,0,0,2,2021-08-23
"LasNavesINN","FerminCerezo",2,0,0,2,2021-08-23
"LasNavesINN","LasNavesCOLLAB",2,0,0,2,2021-08-23
"LasNavesINN","marta_chillaron",2,0,0,2,2021-08-23
"LifeEpsSure","aimplas",2,0,0,2,2021-08-23
"LifeEpsSure","LIFEprogramme",2,0,0,2,2021-08-23
"LinkenerSpain","aimplas",2,0,0,2,2021-08-23
"LolaFPaniagua","aimplas",2,0,0,2,2021-08-23
"londones","PlatinoEduca",1,0,1,2,2021-08-23
"luisagilrj","aimplas",1,0,1,2,2021-08-23
"luispatinoangel","Hispackbcn",1,0,1,2,2021-08-23
"luispatinoangel","omegagenesisca",2,0,0,2,2021-08-23
"MadresXClimaCan","AEMArm",2,0,0,2,2021-08-23
"MadresXClimaCan","aimplas",2,0,0,2,2021-08-23
"MadresXClimaCan","fempcomunica",2,0,0,2,2021-08-23
"MadresXClimaCan","FMRdeMurcia",2,0,0,2,2021-08-23
"MadresXClimaCan","MadresXelClima",2,0,0,2,2021-08-23
"MadresXClimaCan","MurciaClima",2,0,0,2,2021-08-23
"MadresXClimaCan","plastic_britain",2,0,0,2,2021-08-23
"MadresXClimaCan","UpcyclingMadrid",2,0,0,2,2021-08-23
"MadresXClimaCan","Vertidos_Cero",2,0,0,2,2021-08-23
"marijosidemaya","aimplas",2,0,0,2,2021-08-23
"marijosidemaya","AmigosTierraEsp",2,0,0,2,2021-08-23
"marijosidemaya","Ferfollos",2,0,0,2,2021-08-23
"marijosidemaya","FFFSalamanca",2,0,0,2,2021-08-23
"marijosidemaya","ICTA_UAB",2,0,0,2,2021-08-23
"marijosidemaya","MadresXelClima",2,0,0,2,2021-08-23
"marijosidemaya","PaisajeLimpio",2,0,0,2,2021-08-23
"marijosidemaya","Regmurcialimpia",2,0,0,2,2021-08-23
"marijosidemaya","somoscidec",2,0,0,2,2021-08-23
"marijosidemaya","xrmadrid_",2,0,0,2,2021-08-23
"MartaEGMosquera","aimplas",2,0,0,2,2021-08-23
"MartaEGMosquera","eldiarioclm",1,1,0,2,2021-08-23
"MartaEGMosquera","inbiotecenlared",2,0,0,2,2021-08-23
"MartaEGMosquera","IQAR_UAH",2,0,0,2,2021-08-23
"MartaEGMosquera","UAHes",2,0,0,2,2021-08-23
"Mateprincs","LOPECMunich",2,0,0,2,2021-08-23
"Mateprincs","Naitec_CT",2,0,0,2,2021-08-23
"materplat","aimplas",2,0,0,2,2021-08-23
"materplat","ImdeaMaterials",2,0,0,2,2021-08-23
"materplat","La_UPM",2,0,0,2,2021-08-23
"materplat","NavantiaOficial",2,0,0,2,2021-08-23
"maytedomingo_","ibv_org",2,0,0,2,2021-08-23
"maytedomingo_","ITC_ceramica",2,0,0,2,2021-08-23
"maytedomingo_","itene",2,0,0,2,2021-08-23
"MediterraneoPre","capasvil",1,0,1,2,2021-08-23
"MetalMadridEs","aimplas",2,0,0,2,2021-08-23
"MetalMadridEs","CompositesSpain",2,0,0,2,2021-08-23
"MetalMadridEs","MetalMadridEs",2,0,0,2,2021-08-23
"MinarroFin","VAtradu",1,0,1,2,2021-08-23
"miplacebio","Actecosl",2,0,0,2,2021-08-23
"miplacebio","aimplas",2,0,0,2,2021-08-23
"miplacebio","realturfoficial",2,0,0,2,2021-08-23
"mmelgarejo3300","aimplas",1,0,1,2,2021-08-23
"mrtmi3g","asincar",1,1,0,2,2021-08-23
"mtmachado","aimplas",1,0,1,2,2021-08-23
"Mundoplast","ainiatecnologia",2,0,0,2,2021-08-23
"Mundoplast","ANAIP_es",2,0,0,2,2021-08-23
"Mundoplast","ANARPLA",2,0,0,2,2021-08-23
"Mundoplast","Cicloplast_com",2,0,0,2,2021-08-23
"NagrifoodClust","ClusterFPrint",2,0,0,2,2021-08-23
"NontoxProject","aimplas",2,0,0,2,2021-08-23
"NontoxProject","IMDEA_Energia",2,0,0,2,2021-08-23
"Novamont","aimplas",2,0,0,2,2021-08-23
"Novamont","Cicloplast_com",2,0,0,2,2021-08-23
"OanaCaro","aimplas",2,0,0,2,2021-08-23
"OanaCaro","ICTA_UAB",2,0,0,2,2021-08-23
"OanaCaro","PaisajeLimpio",2,0,0,2,2021-08-23
"OanaCaro","somoscidec",2,0,0,2,2021-08-23
"OceanetsProject","EU_EASME",2,0,0,2,2021-08-23
"OceanetsProject","uvigo",2,0,0,2,2021-08-23
"OEPM_es","aimplas",2,0,0,2,2021-08-23
"olgainfoedita","aimplas",1,0,1,2,2021-08-23
"omenendez","SusChemSpain",1,0,1,2,2021-08-23
"OpenFuture_And","byproductplace",1,0,1,2,2021-08-23
"OVTT","OEPM_es",2,0,0,2,2021-08-23
"OVTTenglish","aimplas",2,0,0,2,2021-08-23
"pablo24200","Vertidos_Cero",1,0,1,2,2021-08-23
"packcluster","industry_arena",1,0,1,2,2021-08-23
"Packnet_","anape",2,0,0,2,2021-08-23
"Packnet_","anape_eps",0,2,0,2,2021-08-23
"Packnet_","CticCita",2,0,0,2,2021-08-23
"Packnet_","iambiente",0,2,0,2,2021-08-23
"Packnet_","packcluster",2,0,0,2,2021-08-23
"Packnet_","PKF_INNCOME",2,0,0,2,2021-08-23
"PactoMundial","aimplas",2,0,0,2,2021-08-23
"Pascual","ter4bithi4",1,0,1,2,2021-08-23
"PCT_UCN","GVAivace",1,0,1,2,2021-08-23
"pharmamarket","Biopolis_SL",2,0,0,2,2021-08-23
"pHjools","CentrosCex",1,0,1,2,2021-08-23
"PilMontana","PlasticsEuropES",1,0,1,2,2021-08-23
"plastic_museum","aimplas",1,0,1,2,2021-08-23
"PlasticFV","Cicloplast_com",2,0,0,2,2021-08-23
"PlasticFV","Envaspres",2,0,0,2,2021-08-23
"PlasticFV","ITC_Packaging",2,0,0,2,2021-08-23
"PlasticFV","Mundoplast",2,0,0,2,2021-08-23
"plasticomty","10t_proyectos",1,0,1,2,2021-08-23
"PlasticsEuropES","ANAIP_es",2,0,0,2,2021-08-23
"PlasticsEuropES","ANARPLA",2,0,0,2,2021-08-23
"PlasticsEuropES","AvepAsociacion",2,0,0,2,2021-08-23
"PlasticsEuropES","Cicloplast_com",2,0,0,2,2021-08-23
"PlasticsEuropES","PlasticsEuropES",0,0,2,2,2021-08-23
"PlasticsWorld","Actecosl",2,0,0,2,2021-08-23
"PlasticsWorld","realturfoficial",2,0,0,2,2021-08-23
"platformtierra","aimplas",2,0,0,2,2021-08-23
"PMI_Valencia","aimplas",2,0,0,2,2021-08-23
"PReivindicativa","aimplas",1,0,1,2,2021-08-23
"PT3NEO","aimplas",2,0,0,2,2021-08-23
"PT3NEO","ClusterFPrint",2,0,0,2,2021-08-23
"RachelRock2","AIJU_Tecnologi",1,0,1,2,2021-08-23
"RamnBertNavarro","CSIC",1,0,1,2,2021-08-23
"RamSG20","CSIC",1,0,1,2,2021-08-23
"rappicupons105","i_alimentacion",1,0,1,2,2021-08-23
"reciclajeFER","aimplas",2,0,0,2,2021-08-23
"RECOTRANS_H2020","aimplas",2,0,0,2,2021-08-23
"Redit_es","esplasticos",2,0,0,2,2021-08-23
"Redit_es","EU_EASME",1,1,0,2,2021-08-23
"Redit_es","Julia_company",2,0,0,2,2021-08-23
"Redit_es","mincoturgob",2,0,0,2,2021-08-23
"Redit_es","OndaCero_es",2,0,0,2,2021-08-23
"Redit_es","plastic_museum",2,0,0,2,2021-08-23
"Redit_es","Rafa_Climentg",2,0,0,2,2021-08-23
"Redit_es","ServiReach",2,0,0,2,2021-08-23
"Redit_es","UPV",2,0,0,2,2021-08-23
"Regmurcialimpia","basurasmarinas",2,0,0,2,2021-08-23
"Regmurcialimpia","BIOnTop_Project",1,0,1,2,2021-08-23
"Regmurcialimpia","FuturEnviro",1,0,1,2,2021-08-23
"Regmurcialimpia","Regmurcialimpia",0,0,2,2,2021-08-23
"Regmurcialimpia","THADERCONSUMO",2,0,0,2,2021-08-23
"REMADYL_EU","aimplas",2,0,0,2,2021-08-23
"REMADYL_EU","azorambiental",2,0,0,2,2021-08-23
"REMADYL_EU","Centexbel",2,0,0,2,2021-08-23
"REMADYL_EU","DANOSA_SPAIN",2,0,0,2,2021-08-23
"REMADYL_EU","Deceuninck",2,0,0,2,2021-08-23
"REMADYL_EU","iris_rd",2,0,0,2,2021-08-23
"REMADYL_EU","REMADYL_EU",1,1,0,2,2021-08-23
"REMADYL_EU","SPIRE2030",1,1,0,2,2021-08-23
"REMADYL_EU","SustainableInnE",2,0,0,2,2021-08-23
"REMADYL_EU","UV_EG",2,0,0,2,2021-08-23
"REMADYL_EU","Vinylplus_it",2,0,0,2,2021-08-23
"RepetCoinnova","Cicloplast_com",2,0,0,2,2021-08-23
"RepetCoinnova","RepetCoinnova",2,0,0,2,2021-08-23
"reverdeconcausa","hasta_el_lunes",1,0,1,2,2021-08-23
"RevistaMercados","Afi_es",2,0,0,2,2021-08-23
"RevistaMercados","ANAIP_es",2,0,0,2,2021-08-23
"RevistaMercados","ANARPLA",2,0,0,2,2021-08-23
"RevistaMercados","fCIRCE",2,0,0,2,2021-08-23
"RevistaMercados","ICTA_UAB",2,0,0,2,2021-08-23
"RevistaMercados","IDAEA_CSIC",2,0,0,2,2021-08-23
"RevistaMercados","PaisajeLimpio",2,0,0,2,2021-08-23
"RevistaMercados","somoscidec",2,0,0,2,2021-08-23
"RevistaMercados","Vertidos_Cero",2,0,0,2,2021-08-23
"RevistaRETEMA","ANARPLA",2,0,0,2,2021-08-23
"RevistaRETEMA","InescopTech",2,0,0,2,2021-08-23
"SagredoMarco","AIDIMME",2,0,0,2,2021-08-23
"Santa_Teresa","ITACYL",1,1,0,2,2021-08-23
"silviaavilesg","Cicloplast_com",2,0,0,2,2021-08-23
"silviaavilesg","esplasticos",2,0,0,2,2021-08-23
"SOMM_alliance","Afi_es",2,0,0,2,2021-08-23
"SOMM_alliance","aimplas",2,0,0,2,2021-08-23
"SOMM_alliance","fCIRCE",2,0,0,2,2021-08-23
"SOMM_alliance","PaisajeLimpio",2,0,0,2,2021-08-23
"SOMM_alliance","somoscidec",2,0,0,2,2021-08-23
"SOMM_alliance","Vertidos_Cero",2,0,0,2,2021-08-23
"somoscidec","Vertidos_Cero",2,0,0,2,2021-08-23
"SoniaHe49592177","CSIC",1,0,1,2,2021-08-23
"SreeparnaDas20","aimplas",1,0,1,2,2021-08-23
"tabitbilisim","Azmudeu",1,1,0,2,2021-08-23
"tabitbilisim","tabitbilisim",2,0,0,2,2021-08-23
"talk2much12","itene",2,0,0,2,2021-08-23
"tecnalia","pteco2",1,1,0,2,2021-08-23
"Tecnifood","ANARPLA",2,0,0,2,2021-08-23
"Tecnifood","Biopolis_SL",2,0,0,2,2021-08-23
"Tecnifood","espaitec",2,0,0,2,2021-08-23
"tecnoaqua","AseTUB",1,0,1,2,2021-08-23
"tecplastico","aimplas",2,0,0,2,2021-08-23
"TRAKTECH_","aimplas",2,0,0,2,2021-08-23
"TRAKTECH_","AvepAsociacion",2,0,0,2,2021-08-23
"ucvalencia","Redit_es",1,0,1,2,2021-08-23
"veredictas","aimplas",2,0,0,2,2021-08-23
"veredictas","ANARPLA",2,0,0,2,2021-08-23
"veredictas","ClubMktBcn",2,0,0,2,2021-08-23
"veredictas","Digicomexpo",2,0,0,2,2021-08-23
"veredictas","elpublicistacom",2,0,0,2,2021-08-23
"veredictas","Envaspres",2,0,0,2,2021-08-23
"veredictas","int_envase",2,0,0,2,2021-08-23
"veredictas","IPMARK",2,0,0,2,2021-08-23
"veredictas","itene",2,0,0,2,2021-08-23
"veredictas","RevistaInfopack",2,0,0,2,2021-08-23
"Vertidos_Cero","ecoalf",2,0,0,2,2021-08-23
"Vertidos_Cero","FValenciaport",2,0,0,2,2021-08-23
"Vertidos_Cero","mitecogob",2,0,0,2,2021-08-23
"Vertidos_Cero","pablo24200",1,0,1,2,2021-08-23
"Vertidos_Cero","RubenRguezAl",1,0,1,2,2021-08-23
"VicenteAbella","MinarroFin",1,0,1,2,2021-08-23
"vincenzo_gente","aimplas",1,0,1,2,2021-08-23
"Wendy_Moreno_EU","accio_cat",2,0,0,2,2021-08-23
"Wendy_Moreno_EU","aimplas",2,0,0,2,2021-08-23
"Wendy_Moreno_EU","AristosInfo",2,0,0,2,2021-08-23
"Wendy_Moreno_EU","biocat_cat",2,0,0,2,2021-08-23
"Wendy_Moreno_EU","CDTIoficial",2,0,0,2,2021-08-23
"Wendy_Moreno_EU","eencat",2,0,0,2,2021-08-23
"Wendy_Moreno_EU","Eurecat_news",2,0,0,2,2021-08-23
"Wendy_Moreno_EU","H2020_Partner",2,0,0,2,2021-08-23
"Wendy_Moreno_EU","horizonexperts",2,0,0,2,2021-08-23
"Wendy_Moreno_EU","IreneLarroy",2,0,0,2,2021-08-23
"Wendy_Moreno_EU","itene",2,0,0,2,2021-08-23
"Wendy_Moreno_EU","JCGarcia_CDTI",2,0,0,2,2021-08-23
"Wendy_Moreno_EU","jordipietx",2,0,0,2,2021-08-23
"Wendy_Moreno_EU","RosaAriasAlv",2,0,0,2,2021-08-23
"Wendy_Moreno_EU","scibus",2,0,0,2,2021-08-23
"Wendy_Moreno_EU","SorosGabinete",2,0,0,2,2021-08-23
"Wendy_Moreno_EU","talk2much12",2,0,0,2,2021-08-23
"WomenInPlastic","BritishPlastics",1,1,0,2,2021-08-23
"WriterAlejandro","Agrimax_EU",1,0,1,2,2021-08-23
"_rtvemarcae","aimplas",1,0,0,1,2021-08-23
"1785es","AceitesOlivaES",1,0,0,1,2021-08-23
"1785es","aimplas",1,0,0,1,2021-08-23
"1785es","andaluciae",1,0,0,1,2021-08-23
"1785es","cadecordobaAE",1,0,0,1,2021-08-23
"1785es","CordobaBN",1,0,0,1,2021-08-23
"1785es","elespanolcom",1,0,0,1,2021-08-23
"3duardoFG","aimplas",1,0,0,1,2021-08-23
"3duardoFG","ANAIP_es",1,0,0,1,2021-08-23
"3duardoFG","charo_barroso",1,0,0,1,2021-08-23
"3duardoFG","Cicloplast_com",1,0,0,1,2021-08-23
"3duardoFG","esplasticos",1,0,0,1,2021-08-23
"3duardoFG","greenpeace_esp",1,0,0,1,2021-08-23
"3duardoFG","PlasticsEuropES",1,0,0,1,2021-08-23
"3duardoFG","StockTerabithia",1,0,0,1,2021-08-23
"3duardoFG","TFundaciones",1,0,0,1,2021-08-23
"3Recycler","aimplas",1,0,0,1,2021-08-23
"3Recycler","ANAIP_es",1,0,0,1,2021-08-23
"3Recycler","Cicloplast_com",1,0,0,1,2021-08-23
"3Recycler","esplasticos",1,0,0,1,2021-08-23
"3Recycler","eurenext",1,0,0,1,2021-08-23
"7TeleValencia","aimplas",1,0,0,1,2021-08-23
"aalbaperez","_iterh_",1,0,0,1,2021-08-23
"aalbaperez","AIDIMME",1,0,0,1,2021-08-23
"aalbaperez","itenergia",1,0,0,1,2021-08-23
"AbelardoDuran","ANAIP_es",1,0,0,1,2021-08-23
"AbelardoDuran","Cicloplast_com",1,0,0,1,2021-08-23
"AbelardoDuran","silviaavilesg",0,0,1,1,2021-08-23
"acanocoloma","aimplas",1,0,0,1,2021-08-23
"acanocoloma","CentrosCex",1,0,0,1,2021-08-23
"acanocoloma","escamilla50",1,0,0,1,2021-08-23
"acanocoloma","generalitat",1,0,0,1,2021-08-23
"acanocoloma","GVAivace",1,0,0,1,2021-08-23
"acanocoloma","Julia_company",1,0,0,1,2021-08-23
"acanocoloma","Rafa_Climentg",1,0,0,1,2021-08-23
"Actecosl","aimplas",1,0,0,1,2021-08-23
"ADBioplastics","ADBioplastics",1,0,0,1,2021-08-23
"ADBioplastics","aimplas",1,0,0,1,2021-08-23
"ADBioplastics","bioplasticsmag",1,0,0,1,2021-08-23
"ADBioplastics","TotalCorbionPLA",1,0,0,1,2021-08-23
"ADCV_com","AIDIMME",1,0,0,1,2021-08-23
"ADCV_com","AIJU_Tecnologi",1,0,0,1,2021-08-23
"ADCV_com","aimplas",1,0,0,1,2021-08-23
"ADCV_com","ainiatecnologia",1,0,0,1,2021-08-23
"ADCV_com","aitex_es",1,0,0,1,2021-08-23
"ADCV_com","ibv_org",1,0,0,1,2021-08-23
"ADCV_com","InescopTech",1,0,0,1,2021-08-23
"ADCV_com","ITC_ceramica",1,0,0,1,2021-08-23
"ADCV_com","itene",1,0,0,1,2021-08-23
"ADCV_com","itenergia",1,0,0,1,2021-08-23
"ADCV_com","ITI_TIC",1,0,0,1,2021-08-23
"AdvanFactories","AEMAC_",1,0,0,1,2021-08-23
"AdvanFactories","Airbus",1,0,0,1,2021-08-23
"AdvanFactories","CDTIoficial",1,0,0,1,2021-08-23
"AdvanFactories","DANOBATGROUP",1,0,0,1,2021-08-23
"AdvanFactories","industriQuimica",1,0,0,1,2021-08-23
"AdvanFactories","infoedita",1,0,0,1,2021-08-23
"AdvanFactories","TalgoGroup",1,0,0,1,2021-08-23
"AdvanFactories","UdGPolitecnica",1,0,0,1,2021-08-23
"aec_es","eurofirms",1,0,0,1,2021-08-23
"aec_es","Kapture_io",1,0,0,1,2021-08-23
"aec_es","rnconsulting_es",1,0,0,1,2021-08-23
"aec_es","Sisteplant",1,0,0,1,2021-08-23
"aec_es","tuSEAT",1,0,0,1,2021-08-23
"aec_es","ZF_Group",1,0,0,1,2021-08-23
"AEMAC_","AdvanFactories",1,0,0,1,2021-08-23
"AEMAC_","AlestisAerospac",1,0,0,1,2021-08-23
"AEMAC_","Arkema_group",1,0,0,1,2021-08-23
"AEMAC_","ascameorg",1,0,0,1,2021-08-23
"AEMAC_","camarascomercio",1,0,0,1,2021-08-23
"AEMAC_","cambrabcn",1,0,0,1,2021-08-23
"AEMAC_","CIDETEC_",1,0,0,1,2021-08-23
"AEMAC_","DANOBAT",1,0,0,1,2021-08-23
"AEMAC_","eoi",1,0,0,1,2021-08-23
"AEMAC_","Eurecat",1,0,0,1,2021-08-23
"AEMAC_","Fraunhofer",1,0,0,1,2021-08-23
"AEMAC_","industrialesand",1,0,0,1,2021-08-23
"AEMAC_","MADRID",1,0,0,1,2021-08-23
"AEMAC_","MaterialCharact",1,0,0,1,2021-08-23
"AEMAC_","MUnibertsitatea",1,0,0,1,2021-08-23
"AEMAC_","packcluster",1,0,0,1,2021-08-23
"AEMAC_","PatronalCecot",1,0,0,1,2021-08-23
"AEMAC_","PlasticsEurope",1,0,0,1,2021-08-23
"AEMAC_","silviaavilesg",0,0,1,1,2021-08-23
"AEMAC_","SusChemSpain",1,0,0,1,2021-08-23
"AEMAC_","talgo",1,0,0,1,2021-08-23
"AEMAC_","uc3m",1,0,0,1,2021-08-23
"AEMAC_","UdGPolitecnica",1,0,0,1,2021-08-23
"AEMAC_","unisevilla",1,0,0,1,2021-08-23
"AEMAC_","upvehu",1,0,0,1,2021-08-23
"AErasmusproject","eu_tender",1,0,0,1,2021-08-23
"AErasmusproject","MedScan3D",1,0,0,1,2021-08-23
"AErasmusproject","NUIGalwayMed",1,0,0,1,2021-08-23
"AErasmusproject","TheAMRC",1,0,0,1,2021-08-23
"aevae_es","aimplas",1,0,0,1,2021-08-23
"aevae_es","Cicloplast_com",1,0,0,1,2021-08-23
"afercuello","aimplas",1,0,0,1,2021-08-23
"afercuello","AragonCircular",1,0,0,1,2021-08-23
"afercuello","AytoCalatayud",1,0,0,1,2021-08-23
"afercuello","CAARAUTOARAGON",1,0,0,1,2021-08-23
"agapi_comunica","aimplas",1,0,0,1,2021-08-23
"agapi_comunica","corifyAF",1,0,0,1,2021-08-23
"agapi_comunica","Grupo_TSK",1,0,0,1,2021-08-23
"agapi_comunica","Molecor",1,0,0,1,2021-08-23
"agapi_comunica","PigCHAMP_Europa",1,0,0,1,2021-08-23
"agapi_comunica","skrollerbelt",1,0,0,1,2021-08-23
"AgoraScience","AgoraScience",0,1,0,1,2021-08-23
"AgoraScience","astro_duque",1,0,0,1,2021-08-23
"AgoraScience","AureaRodriguezL",1,0,0,1,2021-08-23
"AgoraScience","CDTIoficial",1,0,0,1,2021-08-23
"AgoraScience","CEPplast",1,0,0,1,2021-08-23
"AgoraScience","CienciaGob",1,0,0,1,2021-08-23
"AgoraScience","CtqcQuimica",1,0,0,1,2021-08-23
"AgoraScience","Equiplast",1,0,0,1,2021-08-23
"AgoraScience","fecyt",1,0,0,1,2021-08-23
"AgoraScience","FECYT_Ciencia",1,0,0,1,2021-08-23
"AgoraScience","GraphispackAsoc",1,0,0,1,2021-08-23
"AgoraScience","graphispag2021",1,0,0,1,2021-08-23
"AgoraScience","idibaps",1,0,0,1,2021-08-23
"AgoraScience","IndustriaGob",1,0,0,1,2021-08-23
"AgoraScience","industry_arena",1,0,0,1,2021-08-23
"AgoraScience","jsanfeliu",1,0,0,1,2021-08-23
"AgoraScience","JSansaloni",1,0,0,1,2021-08-23
"AgoraScience","marcvidal",1,0,0,1,2021-08-23
"AgoraScience","PlasticsEurope",1,0,0,1,2021-08-23
"AgoraScience","x_grauvidal",1,0,0,1,2021-08-23
"AgoraScience","xcampscoma",1,0,0,1,2021-08-23
"Agrimax_EU","bioplasticsmag",1,0,0,1,2021-08-23
"agrodhuelva","aimplas",1,0,0,1,2021-08-23
"agrodhuelva","ainiatecnologia",1,0,0,1,2021-08-23
"agromac_mm","aimplas",1,0,0,1,2021-08-23
"AgroNewsCV","ANAIP_es",1,0,0,1,2021-08-23
"AgroNewsCV","ITI_TIC",1,0,0,1,2021-08-23
"AgroNewsCV","Nestle_es",1,0,0,1,2021-08-23
"AgronoticiasE","aimplas",1,0,0,1,2021-08-23
"aguaresiduales","aimplas",1,0,0,1,2021-08-23
"Aida_Herranz","Aida_Herranz",0,0,1,1,2021-08-23
"Aida_Herranz","aimplas",1,0,0,1,2021-08-23
"Aida_Herranz","EU_H2020",1,0,0,1,2021-08-23
"Aida_Herranz","ffe_es",1,0,0,1,2021-08-23
"Aida_Herranz","FoF_EU",1,0,0,1,2021-08-23
"Aida_Herranz","materplat",1,0,0,1,2021-08-23
"Aida_Herranz","RECOTRANS_H2020",1,0,0,1,2021-08-23
"AIJU_Tecnologi","AIDIMME",1,0,0,1,2021-08-23
"AIJU_Tecnologi","ainiatecnologia",1,0,0,1,2021-08-23
"AIJU_Tecnologi","aitex_es",1,0,0,1,2021-08-23
"AIJU_Tecnologi","ibv_org",1,0,0,1,2021-08-23
"AIJU_Tecnologi","InescopTech",1,0,0,1,2021-08-23
"AIJU_Tecnologi","ITC_ceramica",1,0,0,1,2021-08-23
"AIJU_Tecnologi","itene",1,0,0,1,2021-08-23
"AIJU_Tecnologi","itenergia",1,0,0,1,2021-08-23
"AIJU_Tecnologi","ITI_TIC",1,0,0,1,2021-08-23
"aimplas","AIDIMME",1,0,0,1,2021-08-23
"aimplas","ANAIP_es",1,0,0,1,2021-08-23
"aimplas","ANARPLA",1,0,0,1,2021-08-23
"aimplas","AvepAsociacion",1,0,0,1,2021-08-23
"aimplas","basurasmarinas",1,0,0,1,2021-08-23
"aimplas","Cicloplast_com",1,0,0,1,2021-08-23
"aimplas","FGlobalis",1,0,0,1,2021-08-23
"aimplas","PlasticsEurope",1,0,0,1,2021-08-23
"aimplas","udem",1,0,0,1,2021-08-23
"AIN_Navarra","aimplas",1,0,0,1,2021-08-23
"ainiatecnologia","CdeCarnica",1,0,0,1,2021-08-23
"ainiatecnologia","danone_es",1,0,0,1,2021-08-23
"ainiatecnologia","DulcesNoticias",1,0,0,1,2021-08-23
"ainiatecnologia","elEconomistaes",1,0,0,1,2021-08-23
"ainiatecnologia","faerchgroup",1,0,0,1,2021-08-23
"ainiatecnologia","FEDACOVA_VLC",1,0,0,1,2021-08-23
"ainiatecnologia","GrupoHinojosa",1,0,0,1,2021-08-23
"ainiatecnologia","GVAsanitat",1,0,0,1,2021-08-23
"ainiatecnologia","PackagingEurope",1,0,0,1,2021-08-23
"ainiatecnologia","Redit_es",1,0,0,1,2021-08-23
"ainiatecnologia","revistaide",1,0,0,1,2021-08-23
"ainiatecnologia","RevistaRETEMA",1,0,0,1,2021-08-23
"ainiatecnologia","RSM_es",1,0,0,1,2021-08-23
"ainiatecnologia","tecnoalimen",1,0,0,1,2021-08-23
"AIPIAcongress","AIPIAcongress",1,0,0,1,2021-08-23
"AIPIAcongress","AmbrosusAMB",1,0,0,1,2021-08-23
"AIPIAcongress","AmirKhoshniyati",1,0,0,1,2021-08-23
"ait_research","AIT_Quality",1,0,0,1,2021-08-23
"ait_research","ait_research",0,1,0,1,2021-08-23
"ait_research","AlisonNiEochaid",1,0,0,1,2021-08-23
"ait_research","DeclanMDevine",1,0,0,1,2021-08-23
"ait_research","Dept_ECC",1,0,0,1,2021-08-23
"ait_research","DeptofFHed",1,0,0,1,2021-08-23
"ait_research","DrollPeter",0,1,0,1,2021-08-23
"ait_research","Horizon2020_ire",1,0,0,1,2021-08-23
"ait_research","HorizonEuropeIE",1,0,0,1,2021-08-23
"ait_research","ibetportugal",1,0,0,1,2021-08-23
"ait_research","MixUp_H2020",1,0,0,1,2021-08-23
"ait_research","paintclubHQ",1,0,0,1,2021-08-23
"ait_research","tuc_tweet",1,0,0,1,2021-08-23
"ALBAsynchrotron","aimplas",1,0,0,1,2021-08-23
"ALBAsynchrotron","CalipsoPlus",1,0,0,1,2021-08-23
"ALBAsynchrotron","cepyme_",1,0,0,1,2021-08-23
"ALBAsynchrotron","confemetal",1,0,0,1,2021-08-23
"ALBAsynchrotron","Feique_ES",1,0,0,1,2021-08-23
"alcaide_mkt","aimplas",1,0,0,1,2021-08-23
"AlmuAlbertos","aimplas",1,0,0,1,2021-08-23
"AlmuAlbertos","corifyAF",1,0,0,1,2021-08-23
"AlmuAlbertos","Grupo_TSK",1,0,0,1,2021-08-23
"AlmuAlbertos","Molecor",1,0,0,1,2021-08-23
"AlmuAlbertos","PigCHAMP_Europa",1,0,0,1,2021-08-23
"AlmuAlbertos","PlatinoEduca",1,0,0,1,2021-08-23
"AlmuAlbertos","skrollerbelt",1,0,0,1,2021-08-23
"aLuciernaga_","aimplas",1,0,0,1,2021-08-23
"Alvaro_Eslu","GrupoCosentino",1,0,0,1,2021-08-23
"Alvaro_Eslu","UV_EG",1,0,0,1,2021-08-23
"alvizlo","aimplas",1,0,0,1,2021-08-23
"alvizlo","ainiatecnologia",1,0,0,1,2021-08-23
"alvizlo","alvizlo",0,0,1,1,2021-08-23
"ambienteeuropeo","aimplas",1,0,0,1,2021-08-23
"ambienteeuropeo","levante_emv",1,0,0,1,2021-08-23
"Amgarve","Cicloplast_com",1,0,0,1,2021-08-23
"Amgarve","Consum",1,0,0,1,2021-08-23
"Amgarve","eversiagroup",1,0,0,1,2021-08-23
"Amgarve","SaicaGroup_es",1,0,0,1,2021-08-23
"anacanoarribas","anacanoarribas",0,0,1,1,2021-08-23
"anacanoarribas","GVAavi",1,0,0,1,2021-08-23
"anacanoarribas","GVAivace",1,0,0,1,2021-08-23
"ANAIP_es","ainiatecnologia",1,0,0,1,2021-08-23
"ANAIP_es","ANAIP_es",0,0,1,1,2021-08-23
"ANAIP_es","ANARPLA",1,0,0,1,2021-08-23
"ANAIP_es","AvepAsociacion",1,0,0,1,2021-08-23
"ANAIP_es","CENER_Energia",1,0,0,1,2021-08-23
"ANAIP_es","ChemRecycleNews",1,0,0,1,2021-08-23
"ANAIP_es","deborahciencia",1,0,0,1,2021-08-23
"ANAIP_es","PlasticsEurope",1,0,0,1,2021-08-23
"ANAIP_es","SusChemSpain",1,0,0,1,2021-08-23
"anape_eps","ANAIP_es",1,0,0,1,2021-08-23
"anape_eps","ANARPLA",1,0,0,1,2021-08-23
"anape_eps","COEXPAN_",1,0,0,1,2021-08-23
"anape_eps","EU_EASME",1,0,0,1,2021-08-23
"anape_eps","LifeEpsSure",1,0,0,1,2021-08-23
"anape_eps","LIFEprogramme",1,0,0,1,2021-08-23
"anape_eps","PlasticsEuropES",1,0,0,1,2021-08-23
"AndreaCasoF","AIDIMME",1,0,0,1,2021-08-23
"AndreaCasoF","AIJU_Tecnologi",1,0,0,1,2021-08-23
"AndreaCasoF","aimplas",1,0,0,1,2021-08-23
"AndreaCasoF","ainiatecnologia",1,0,0,1,2021-08-23
"AndreaCasoF","aitex_es",1,0,0,1,2021-08-23
"AndreaCasoF","ibv_org",1,0,0,1,2021-08-23
"AndreaCasoF","InescopTech",1,0,0,1,2021-08-23
"AndreaCasoF","ITC_ceramica",1,0,0,1,2021-08-23
"AndreaCasoF","itene",1,0,0,1,2021-08-23
"AndreaCasoF","itenergia",1,0,0,1,2021-08-23
"AndreaCasoF","ITI_TIC",1,0,0,1,2021-08-23
"andresgilnogues","CEPplast",1,0,0,1,2021-08-23
"andresgilnogues","Cicloplast_com",1,0,0,1,2021-08-23
"andresgilnogues","esplasticos",1,0,0,1,2021-08-23
"andresgilnogues","feria_encaja",1,0,0,1,2021-08-23
"andresgilnogues","feriaecofira",1,0,0,1,2021-08-23
"andresgilnogues","NatxoCosta",1,0,0,1,2021-08-23
"andresgilnogues","PlasticsEuropES",1,0,0,1,2021-08-23
"andresgilnogues","Rafa_Climentg",1,0,0,1,2021-08-23
"andresgilnogues","RETO16CIMAS",1,0,0,1,2021-08-23
"aneabe","aimplas",1,0,0,1,2021-08-23
"aneabe","aneabe",1,0,0,1,2021-08-23
"Angel_Molinero","aimplas",1,0,0,1,2021-08-23
"Angel_Molinero","CECOes_",1,0,0,1,2021-08-23
"ANIPAC_AC","aimplas",1,0,0,1,2021-08-23
"AnjanaLeon","aimplas",1,0,0,1,2021-08-23
"AnjanaLeon","corifyAF",1,0,0,1,2021-08-23
"AnjanaLeon","Grupo_TSK",1,0,0,1,2021-08-23
"AnjanaLeon","Molecor",1,0,0,1,2021-08-23
"AnjanaLeon","PigCHAMP_Europa",1,0,0,1,2021-08-23
"AnjanaLeon","PlatinoEduca",1,0,0,1,2021-08-23
"AnjanaLeon","skrollerbelt",1,0,0,1,2021-08-23
"AnsiaDe","afaquim_asoc",1,0,0,1,2021-08-23
"AnsiaDe","ANARPLA",1,0,0,1,2021-08-23
"AnsiaDe","ChemSpain",1,0,0,1,2021-08-23
"AnsiaDe","davidorreta",1,0,0,1,2021-08-23
"AnsiaDe","Equiplast",1,0,0,1,2021-08-23
"AnsiaDe","Eurosurfas",1,0,0,1,2021-08-23
"AnsiaDe","expoquimia",1,0,0,1,2021-08-23
"AnsiaDe","Feique_ES",1,0,0,1,2021-08-23
"AnsiaDe","Fira_Barcelona",1,0,0,1,2021-08-23
"AnsiaDe","ForoQyS",1,0,0,1,2021-08-23
"AnsiaDe","FuturEnviro",1,0,0,1,2021-08-23
"AnsiaDe","residuscat",1,0,0,1,2021-08-23
"AnsiaDe","RevistaRETEMA",1,0,0,1,2021-08-23
"apk_ag","aimplas",1,0,0,1,2021-08-23
"apk_ag","ECOS_Standard",1,0,0,1,2021-08-23
"apk_ag","Eunomia_RandC",1,0,0,1,2021-08-23
"apk_ag","EuRIC_Recycling",1,0,0,1,2021-08-23
"apk_ag","pcepeu",1,0,0,1,2021-08-23
"apk_ag","Umweltbundesamt",1,0,0,1,2021-08-23
"apk_ag","umweltstiftung",1,0,0,1,2021-08-23
"Aqua_Radar","aimplas",1,0,0,1,2021-08-23
"AristosInfo","accio_cat",1,0,0,1,2021-08-23
"AristosInfo","aimplas",1,0,0,1,2021-08-23
"AristosInfo","biocat_cat",1,0,0,1,2021-08-23
"AristosInfo","CDTIoficial",1,0,0,1,2021-08-23
"AristosInfo","eencat",1,0,0,1,2021-08-23
"AristosInfo","Eurecat_news",1,0,0,1,2021-08-23
"AristosInfo","H2020_Partner",1,0,0,1,2021-08-23
"AristosInfo","horizonexperts",1,0,0,1,2021-08-23
"AristosInfo","IreneLarroy",1,0,0,1,2021-08-23
"AristosInfo","itene",1,0,0,1,2021-08-23
"AristosInfo","JCGarcia_CDTI",1,0,0,1,2021-08-23
"AristosInfo","jordipietx",1,0,0,1,2021-08-23
"AristosInfo","RosaAriasAlv",1,0,0,1,2021-08-23
"AristosInfo","scibus",1,0,0,1,2021-08-23
"AristosInfo","SorosGabinete",1,0,0,1,2021-08-23
"AristosInfo","talk2much12",1,0,0,1,2021-08-23
"AristosInfo","Wendy_Moreno_EU",1,0,0,1,2021-08-23
"ArviInnovapesca","aimplas",1,0,0,1,2021-08-23
"ArviInnovapesca","ArviInnovapesca",1,0,0,1,2021-08-23
"ArviInnovapesca","ecoalf",1,0,0,1,2021-08-23
"ArviInnovapesca","OceanetsProject",1,0,0,1,2021-08-23
"ArviInnovapesca","uvigo",1,0,0,1,2021-08-23
"ArviInnovapesca","Vertidos_Cero",1,0,0,1,2021-08-23
"AsajaNacional","aimplas",1,0,0,1,2021-08-23
"Asefapi_Es","AIDIMME",1,0,0,1,2021-08-23
"Asefapi_Es","AIJU_Tecnologi",1,0,0,1,2021-08-23
"Asefapi_Es","Asefapi_Es",0,0,1,1,2021-08-23
"Asefapi_Es","CIDETEC_",1,0,0,1,2021-08-23
"Asefapi_Es","ensateclab",1,0,0,1,2021-08-23
"Asefapi_Es","INEGIPORTO",1,0,0,1,2021-08-23
"Asefapi_Es","ITAINNOVA",1,0,0,1,2021-08-23
"Asefapi_Es","Neurtek",1,0,0,1,2021-08-23
"Asefapi_Es","tecnalia",1,0,0,1,2021-08-23
"Asesoria_Tefico","aimplas",1,0,0,1,2021-08-23
"Asesoria_Tefico","inbiotecenlared",1,0,0,1,2021-08-23
"Asesoria_Tefico","UAHes",1,0,0,1,2021-08-23
"AseTUB","ANAIP_es",1,0,0,1,2021-08-23
"AseTUB","applus",1,0,0,1,2021-08-23
"AseTUB","emasesa",1,0,0,1,2021-08-23
"ASIAN_Andalucia","aimplas",1,0,0,1,2021-08-23
"ASIAN_Andalucia","CoopsAgroAND",1,0,0,1,2021-08-23
"AsocEyC","ACortinaPantion",1,0,0,1,2021-08-23
"AsocEyC","Correos",1,0,0,1,2021-08-23
"AsocEyC","cristinasancho",1,0,0,1,2021-08-23
"AsocEyC","EspejoPublico",1,0,0,1,2021-08-23
"AsocEyC","foroinserta",1,0,0,1,2021-08-23
"AsocEyC","IKEASpain",1,0,0,1,2021-08-23
"asociacionruvid","CienciaGob",1,0,0,1,2021-08-23
"asociacionruvid","ibv_org",1,0,0,1,2021-08-23
"asociacionruvid","ITC_ceramica",1,0,0,1,2021-08-23
"atmbiopro","aacudam",1,0,0,1,2021-08-23
"atmbiopro","AgroBioCluster",1,0,0,1,2021-08-23
"atmbiopro","aimplas",1,0,0,1,2021-08-23
"atmbiopro","BBI2020",1,0,0,1,2021-08-23
"atmbiopro","GenHydro",1,0,0,1,2021-08-23
"atmbiopro","GreenovateEU",1,0,0,1,2021-08-23
"atmbiopro","mi_sustainable",1,0,0,1,2021-08-23
"atmbiopro","RISEProcessum",1,0,0,1,2021-08-23
"atmbiopro","tecnopackaging",1,0,0,1,2021-08-23
"atmbiopro","unlock",1,0,0,1,2021-08-23
"automatica_","Cicloplast_com",1,0,0,1,2021-08-23
"AVEmpresarios","AIDIMME",1,0,0,1,2021-08-23
"AVEmpresarios","AIJU_Tecnologi",1,0,0,1,2021-08-23
"AVEmpresarios","aimplas",1,0,0,1,2021-08-23
"AVEmpresarios","ainiatecnologia",1,0,0,1,2021-08-23
"AVEmpresarios","aitex_es",1,0,0,1,2021-08-23
"AVEmpresarios","ibv_org",1,0,0,1,2021-08-23
"AVEmpresarios","InescopTech",1,0,0,1,2021-08-23
"AVEmpresarios","ITC_ceramica",1,0,0,1,2021-08-23
"AVEmpresarios","itene",1,0,0,1,2021-08-23
"AVEmpresarios","itenergia",1,0,0,1,2021-08-23
"AVEmpresarios","ITI_TIC",1,0,0,1,2021-08-23
"AVEmpresarios","Saludes_Ind",1,0,0,1,2021-08-23
"AvepAsociacion","AIDIMME",1,0,0,1,2021-08-23
"AvepAsociacion","InescopTech",1,0,0,1,2021-08-23
"AvepAsociacion","PlasticsEurope",1,0,0,1,2021-08-23
"Azmudeu","PRIMAInnovation",1,0,0,1,2021-08-23
"AZoCleantech","aimplas",1,0,0,1,2021-08-23
"baixauli25","aimplas",1,0,0,1,2021-08-23
"baixauli25","idainature",1,0,0,1,2021-08-23
"baixauli25","Novamont",1,0,0,1,2021-08-23
"Baliht_EU","IFBFFlowBattery",1,0,0,1,2021-08-23
"Baliht_EU","JaviPL19",1,0,0,1,2021-08-23
"barana__","aimplas",1,0,0,1,2021-08-23
"bealopezromero","aimplas",1,0,0,1,2021-08-23
"BeonNAT_H2020","ipbragancaEN",1,0,0,1,2021-08-23
"Berto_Jaramillo","aeioLuz",1,0,0,1,2021-08-23
"Berto_Jaramillo","aimplas",1,0,0,1,2021-08-23
"Berto_Jaramillo","alannaasoc",1,0,0,1,2021-08-23
"Berto_Jaramillo","Berto_Jaramillo",0,0,1,1,2021-08-23
"Berto_Jaramillo","BIOagradables",1,0,0,1,2021-08-23
"Berto_Jaramillo","greenurbandata",1,0,0,1,2021-08-23
"Berto_Jaramillo","VortexCoworking",1,0,0,1,2021-08-23
"Berto_Jaramillo","webmesura",1,0,0,1,2021-08-23
"BIGBANInversion","aimplas",1,0,0,1,2021-08-23
"BIGBANInversion","PCientificoAlic",1,0,0,1,2021-08-23
"BIOnTop_Project","tecnalia",1,0,0,1,2021-08-23
"bioplasticsmag","BIOnTop_Project",1,0,0,1,2021-08-23
"BioSenseRS","aimplas",1,0,0,1,2021-08-23
"BioSenseRS","EU_H2020",1,0,0,1,2021-08-23
"BioSenseRS","GVAivia",1,0,0,1,2021-08-23
"BioSenseRS","Novamont",1,0,0,1,2021-08-23
"BioSenseRS","Terra_i_Xufa",1,0,0,1,2021-08-23
"BioSenseRS","tuc_chania",1,0,0,1,2021-08-23
"BioSenseRS","UA_Universidad",1,0,0,1,2021-08-23
"BIOVAL_es","aitex_es",1,0,0,1,2021-08-23
"BIOVAL_es","BIOVAL_es",1,0,0,1,2021-08-23
"BIOVAL_es","ceei",1,0,0,1,2021-08-23
"BIOVAL_es","ed_cvalenciana",1,0,0,1,2021-08-23
"BioVale_Cluster","aimplas",1,0,0,1,2021-08-23
"BioVale_Cluster","BBI2020",1,0,0,1,2021-08-23
"BioVale_Cluster","biconsortium",1,0,0,1,2021-08-23
"BioVale_Cluster","biobaseddelta",1,0,0,1,2021-08-23
"BioVale_Cluster","CLIB2021",1,0,0,1,2021-08-23
"BioVale_Cluster","fertinagro",1,0,0,1,2021-08-23
"BioVale_Cluster","IARcluster",1,0,0,1,2021-08-23
"BioVale_Cluster","iris_rd",1,0,0,1,2021-08-23
"BioVale_Cluster","irtacat",1,0,0,1,2021-08-23
"BioVale_Cluster","itene",1,0,0,1,2021-08-23
"BioVale_Cluster","ualmeria",1,0,0,1,2021-08-23
"BioVale_Cluster","Unibo",1,0,0,1,2021-08-23
"BlauBenidorm","Actecosl",1,0,0,1,2021-08-23
"BlauBenidorm","aimplas",1,0,0,1,2021-08-23
"byproductplace","aimplas",1,0,0,1,2021-08-23
"byproductplace","byproductplace",0,0,1,1,2021-08-23
"byproductplace","Coexphal",1,0,0,1,2021-08-23
"byproductplace","Grupo_Ence",1,0,0,1,2021-08-23
"byproductplace","LuisMiFedz",1,0,0,1,2021-08-23
"cabocla2001","aimplas",1,0,0,1,2021-08-23
"cabocla2001","BASF_ES",1,0,0,1,2021-08-23
"cabocla2001","deborahciencia",1,0,0,1,2021-08-23
"cabocla2001","PlasticsEuropES",1,0,0,1,2021-08-23
"cabocla2001","Repsol",1,0,0,1,2021-08-23
"cabocla2001","SABIC",1,0,0,1,2021-08-23
"cabocla2001","SusChemSpain",1,0,0,1,2021-08-23
"cadecordobaAE","AceiteOlivalle",1,0,0,1,2021-08-23
"cadecordobaAE","aimplas",1,0,0,1,2021-08-23
"campuscomposits","AEMAC_",1,0,0,1,2021-08-23
"campuscomposits","aernnova_usa",1,0,0,1,2021-08-23
"campuscomposits","aimplas",1,0,0,1,2021-08-23
"campuscomposits","AirbusHeli",1,0,0,1,2021-08-23
"campuscomposits","amade_udg",1,0,0,1,2021-08-23
"carlosgarcia_85","aimplas",1,0,0,1,2021-08-23
"CatedraMare","aimplas",1,0,0,1,2021-08-23
"CBIT_upv","aimplas",1,0,0,1,2021-08-23
"cbm_noticias","AceiteOlivalle",1,0,0,1,2021-08-23
"cbm_noticias","aimplas",1,0,0,1,2021-08-23
"ccasellascoll","aimplas",1,0,0,1,2021-08-23
"ccasellascoll","aitex_es",1,0,0,1,2021-08-23
"ccasellascoll","ClusterFPrint",1,0,0,1,2021-08-23
"ccasellascoll","Eurecat_news",1,0,0,1,2021-08-23
"ccasellascoll","itene",1,0,0,1,2021-08-23
"ccasellascoll","Naitec_CT",1,0,0,1,2021-08-23
"ccasellascoll","PT3NEO",1,0,0,1,2021-08-23
"ccasellascoll","SmartEEsEU",1,0,0,1,2021-08-23
"ccasellascoll","tecnalia",1,0,0,1,2021-08-23
"ccasellascoll","UNavarra",1,0,0,1,2021-08-23
"CdeCarnica","Agroforest_JAL",1,0,0,1,2021-08-23
"CdeCarnica","BetoELescamoso",1,0,0,1,2021-08-23
"CdeCarnica","GSCSAL",1,0,0,1,2021-08-23
"CdeCarnica","jhaa2020",1,0,0,1,2021-08-23
"CdeCarnica","juancfa16",1,0,0,1,2021-08-23
"CdeCarnica","rami44618546",1,0,0,1,2021-08-23
"CdeCarnica","sagrosus",1,0,0,1,2021-08-23
"ceeivalencia","AIDIMME",1,0,0,1,2021-08-23
"ceeivalencia","aitex_es",1,0,0,1,2021-08-23
"ceeivalencia","caterina_coll",1,0,0,1,2021-08-23
"ceeivalencia","InescopTech",1,0,0,1,2021-08-23
"CEPplast","3Dnatives_ES",1,0,0,1,2021-08-23
"CEPplast","AEBALL_UPMBALL",1,0,0,1,2021-08-23
"CEPplast","AEMAC_",1,0,0,1,2021-08-23
"CEPplast","AerAutomation",1,0,0,1,2021-08-23
"CEPplast","aiasasociacion",1,0,0,1,2021-08-23
"CEPplast","ANARPLA",1,0,0,1,2021-08-23
"CEPplast","ascameorg",1,0,0,1,2021-08-23
"CEPplast","camarascomercio",1,0,0,1,2021-08-23
"CEPplast","cambrabcn",1,0,0,1,2021-08-23
"CEPplast","ClubMktBcn",1,0,0,1,2021-08-23
"CEPplast","ClusterCICAT",1,0,0,1,2021-08-23
"CEPplast","Digicomexpo",1,0,0,1,2021-08-23
"CEPplast","elpublicistacom",1,0,0,1,2021-08-23
"CEPplast","Envaspres",1,0,0,1,2021-08-23
"CEPplast","eoi",1,0,0,1,2021-08-23
"CEPplast","Eurecat_news",1,0,0,1,2021-08-23
"CEPplast","HispaRob",1,0,0,1,2021-08-23
"CEPplast","industrialesand",1,0,0,1,2021-08-23
"CEPplast","innovallcluster",1,0,0,1,2021-08-23
"CEPplast","int_envase",1,0,0,1,2021-08-23
"CEPplast","IPMARK",1,0,0,1,2021-08-23
"CEPplast","itene",1,0,0,1,2021-08-23
"CEPplast","mincoturgob",1,0,0,1,2021-08-23
"CEPplast","packcluster",1,0,0,1,2021-08-23
"CEPplast","PatronalCecot",1,0,0,1,2021-08-23
"CEPplast","RevistaInfopack",1,0,0,1,2021-08-23
"CEPplast","SECARTYS",1,0,0,1,2021-08-23
"CetecCentro","aimplas",1,0,0,1,2021-08-23
"CetecCentro","ANAIP_es",1,0,0,1,2021-08-23
"chemplastexpo","aimplas",1,0,0,1,2021-08-23
"ChemRecycleNews","aimplas",1,0,0,1,2021-08-23
"Cicloplast_com","ANAIP_es",1,0,0,1,2021-08-23
"Cicloplast_com","FuturEnviro",0,1,0,1,2021-08-23
"ciconiaeduca","AceiteOlivalle",1,0,0,1,2021-08-23
"ciconiaeduca","aimplas",1,0,0,1,2021-08-23
"cinea_eu","aqua_lit",1,0,0,1,2021-08-23
"cinea_eu","CiimarUp",1,0,0,1,2021-08-23
"cinea_eu","cinea_eu",0,0,1,1,2021-08-23
"cinea_eu","GeoEnvTech",1,0,0,1,2021-08-23
"cinea_eu","marGnetproject",1,0,0,1,2021-08-23
"cinea_eu","NetTagProject",1,0,0,1,2021-08-23
"Circulariana","aimplas",1,0,0,1,2021-08-23
"Circulariana","stanpa_es",1,0,0,1,2021-08-23
"clubcalidadcom","aimplas",1,0,0,1,2021-08-23
"clubcalidadcom","CentrosCex",1,0,0,1,2021-08-23
"clubcalidadcom","corifyAF",1,0,0,1,2021-08-23
"clubcalidadcom","Grupo_TSK",1,0,0,1,2021-08-23
"clubcalidadcom","Molecor",1,0,0,1,2021-08-23
"clubcalidadcom","PigCHAMP_Europa",1,0,0,1,2021-08-23
"clubcalidadcom","PlatinoEduca",1,0,0,1,2021-08-23
"clubcalidadcom","skrollerbelt",1,0,0,1,2021-08-23
"clusaga","aimplas",1,0,0,1,2021-08-23
"clusaga","ainiatecnologia",1,0,0,1,2021-08-23
"ClusterFPrint","CienciaGob",1,0,0,1,2021-08-23
"ClusterFPrint","ClusterFPrint",1,0,0,1,2021-08-23
"ClusterFPrint","Eurecat_news",1,0,0,1,2021-08-23
"ClusterFPrint","itene",1,0,0,1,2021-08-23
"COEXPAN_","ainiatecnologia",1,0,0,1,2021-08-23
"COEXPAN_","Cicloplast_com",1,0,0,1,2021-08-23
"COGITIValencia","GVAeconomia",1,0,0,1,2021-08-23
"COGITIValencia","GVAivace",1,0,0,1,2021-08-23
"COIQCV","aimplas",1,0,0,1,2021-08-23
"ConsejoAgricola","aimplas",1,0,0,1,2021-08-23
"CoopsAgroCV","aimplas",1,0,0,1,2021-08-23
"COPEPozoblanco","AceiteOlivalle",1,0,0,1,2021-08-23
"COPEPozoblanco","aimplas",1,0,0,1,2021-08-23
"COPEPozoblanco","CECOes_",1,0,0,1,2021-08-23
"coplasem","aimplas",1,0,0,1,2021-08-23
"CosmeticLatam","CosmeticLatam",0,0,1,1,2021-08-23
"CozAlberto","aimplas",1,0,0,1,2021-08-23
"CRIBE_Biomass","aimplas",1,0,0,1,2021-08-23
"CRIBE_Biomass","TNO_Research",1,0,0,1,2021-08-23
"Crowdhelix","iris_rd",1,0,0,1,2021-08-23
"Crowdhelix","MulticycleP",1,0,0,1,2021-08-23
"CServees","aimplas",1,0,0,1,2021-08-23
"CServees","LinkedIn",1,0,0,1,2021-08-23
"CVI_V3","aimplas",1,0,0,1,2021-08-23
"CVI_V3","CORDIS_EU",1,0,0,1,2021-08-23
"CVI_V3","URBANREC_H2020",1,0,0,1,2021-08-23
"davidorreta","Cicloplast_com",1,0,0,1,2021-08-23
"davidorreta","ITC_ceramica",1,0,0,1,2021-08-23
"davidorreta","UV_EG",1,0,0,1,2021-08-23
"deborahciencia","aimplas",1,0,0,1,2021-08-23
"deborahciencia","BASF_ES",1,0,0,1,2021-08-23
"deborahciencia","PlasticsEuropES",1,0,0,1,2021-08-23
"deborahciencia","Repsol",1,0,0,1,2021-08-23
"deborahciencia","SABIC",1,0,0,1,2021-08-23
"detectormadrid","aimplas",1,0,0,1,2021-08-23
"DGreenblogger","BIOnTop_Project",1,0,0,1,2021-08-23
"DigitalEscudo","aimplas",1,0,0,1,2021-08-23
"DigitalEscudo","GVAivace",1,0,0,1,2021-08-23
"DigitalEscudo","ITI_TIC",1,0,0,1,2021-08-23
"dipMurcia","aimplas",1,0,0,1,2021-08-23
"dipMurcia","artsolut",1,0,0,1,2021-08-23
"dipMurcia","EssentraPackES",1,0,0,1,2021-08-23
"dipMurcia","Foro_READ",1,0,0,1,2021-08-23
"dipMurcia","itene",1,0,0,1,2021-08-23
"dipMurcia","Packnet_",1,0,0,1,2021-08-23
"DominoPrint_ES","ANAIP_es",1,0,0,1,2021-08-23
"DominoPrint_ES","Cicloplast_com",1,0,0,1,2021-08-23
"DominoPrint_ES","esplasticos",1,0,0,1,2021-08-23
"DominoPrint_ES","PlasticsEurope",1,0,0,1,2021-08-23
"DominoPrint_Mx","esplasticos",1,0,0,1,2021-08-23
"DominoPrint_Mx","plastic_museum",1,0,0,1,2021-08-23
"DominoPrint_Mx","RPM_Plasticos",1,0,0,1,2021-08-23
"DriadeSM","aimplas",1,0,0,1,2021-08-23
"DriadeSM","f_f_ambiental",1,0,0,1,2021-08-23
"DriadeSM","Suruscircular",1,0,0,1,2021-08-23
"DulcesNoticias","ainiatecnologia",1,0,0,1,2021-08-23
"DulcesNoticias","ANAIP_es",1,0,0,1,2021-08-23
"DulcesNoticias","ANARPLA",1,0,0,1,2021-08-23
"DulcesNoticias","danone_es",1,0,0,1,2021-08-23
"DulcesNoticias","faerchgroup",1,0,0,1,2021-08-23
"DulcesNoticias","Nestle_es",1,0,0,1,2021-08-23
"DulcesNoticias","UV_EG",1,0,0,1,2021-08-23
"ECAndalucia","20m",1,0,0,1,2021-08-23
"EcoconstruMag","AIDIMME",1,0,0,1,2021-08-23
"EcoconstruMag","ITCCANARIAS",1,0,0,1,2021-08-23
"Economia_3","ana_gil_lop",1,0,0,1,2021-08-23
"Economia_3","ANAIP_es",1,0,0,1,2021-08-23
"Economia_3","AvepAsociacion",1,0,0,1,2021-08-23
"Economia_3","GVAavi",1,0,0,1,2021-08-23
"Economia_3","IISLaFe",1,0,0,1,2021-08-23
"Economia_3","Industrias_TAYG",1,0,0,1,2021-08-23
"Economia_3","itmupv",1,0,0,1,2021-08-23
"Economia_3","ITQ_UPVCSIC",1,0,0,1,2021-08-23
"EcoxyProject","Avantium",1,0,0,1,2021-08-23
"EcoxyProject","BBI2020",1,0,0,1,2021-08-23
"EcoxyProject","Centexbel",1,0,0,1,2021-08-23
"EcoxyProject","CIDETEC_",1,0,0,1,2021-08-23
"EcoxyProject","crfiat",1,0,0,1,2021-08-23
"EcoxyProject","EcoxyProject",0,0,1,1,2021-08-23
"EcoxyProject","FraunhoferICT",1,0,0,1,2021-08-23
"EcoxyProject","SP_Polymers",1,0,0,1,2021-08-23
"ed_cvalenciana","aimplas",1,0,0,1,2021-08-23
"ed_cvalenciana","BIOVAL_es",1,0,0,1,2021-08-23
"ed_cvalenciana","carlosidai",1,0,0,1,2021-08-23
"ed_cvalenciana","ceeivalencia",1,0,0,1,2021-08-23
"ed_cvalenciana","emprenemjunts",1,0,0,1,2021-08-23
"ed_cvalenciana","itenergia",1,0,0,1,2021-08-23
"EDICIONESSIBILA","AIJU_Tecnologi",1,0,0,1,2021-08-23
"EDICIONESSIBILA","aitex_es",1,0,0,1,2021-08-23
"EDICIONESSIBILA","generalitat",1,0,0,1,2021-08-23
"EDICIONESSIBILA","GVAivace",1,0,0,1,2021-08-23
"EDICIONESSIBILA","GVAlabora",1,0,0,1,2021-08-23
"edpemo","aimplas",1,0,0,1,2021-08-23
"edpemo","AvepAsociacion",1,0,0,1,2021-08-23
"edpemo","Avia_automocion",1,0,0,1,2021-08-23
"edpemo","CEPplast",1,0,0,1,2021-08-23
"edpemo","HP",1,0,0,1,2021-08-23
"edpemo","IAM3DHUB",1,0,0,1,2021-08-23
"edpemo","industry_arena",1,0,0,1,2021-08-23
"edpemo","PlasticsEuropES",1,0,0,1,2021-08-23
"Educanced","aimplas",1,0,0,1,2021-08-23
"EduTorregrosa12","aimplas",1,0,0,1,2021-08-23
"EduTorregrosa12","corifyAF",1,0,0,1,2021-08-23
"EduTorregrosa12","Grupo_TSK",1,0,0,1,2021-08-23
"EduTorregrosa12","Molecor",1,0,0,1,2021-08-23
"EduTorregrosa12","PigCHAMP_Europa",1,0,0,1,2021-08-23
"EduTorregrosa12","PlatinoEduca",1,0,0,1,2021-08-23
"EEljarrat","aimplas",1,0,0,1,2021-08-23
"EFE_CValenciana","ainiatecnologia",1,0,0,1,2021-08-23
"EFE_CValenciana","Redit_es",1,0,0,1,2021-08-23
"Efeagro","aimplas",1,0,0,1,2021-08-23
"Efeagro","idainature",1,0,0,1,2021-08-23
"EFEcomunica","aimplas",1,0,0,1,2021-08-23
"EIPAGRI_SP","AceiteOlivalle",1,0,0,1,2021-08-23
"EIPAGRI_SP","aimplas",1,0,0,1,2021-08-23
"eldiarioclm","aimplas",1,0,0,1,2021-08-23
"eldiarioclm","inbiotecenlared",1,0,0,1,2021-08-23
"eldiarioclm","MartaEGMosquera",1,0,0,1,2021-08-23
"eldiarioclm","UAHes",1,0,0,1,2021-08-23
"elEconomistaCV","ainiatecnologia",1,0,0,1,2021-08-23
"ElQuincenal","AceiteOlivalle",1,0,0,1,2021-08-23
"ElQuincenal","aimplas",1,0,0,1,2021-08-23
"EmballagesMag","aimplas",1,0,0,1,2021-08-23
"EmballagesMag","CT_IPC",1,0,0,1,2021-08-23
"EmballagesMag","Leygatech1",1,0,0,1,2021-08-23
"EmballagesMag","Paprec_Group",1,0,0,1,2021-08-23
"EmballagesMag","pellencst",1,0,0,1,2021-08-23
"EmballagesMag","VTTFinland",1,0,0,1,2021-08-23
"emprenemjunts","aganovagrupo",1,0,0,1,2021-08-23
"emprenemjunts","Betelgeux_es",1,0,0,1,2021-08-23
"emprenemjunts","ceei",1,0,0,1,2021-08-23
"emprenemjunts","EosOrbital",1,0,0,1,2021-08-23
"emprenemjunts","FEDACOVA_VLC",1,0,0,1,2021-08-23
"emprenemjunts","fundeun",1,0,0,1,2021-08-23
"emprenemjunts","GlobalOmnium",1,0,0,1,2021-08-23
"emprenemjunts","GoHubTech",1,0,0,1,2021-08-23
"emprenemjunts","GVAavi",1,0,0,1,2021-08-23
"emprenemjunts","GVAddigital",1,0,0,1,2021-08-23
"emprenemjunts","iata_csic",1,0,0,1,2021-08-23
"emprenemjunts","LasNavesINN",1,0,0,1,2021-08-23
"emprenemjunts","lasprovincias",1,0,0,1,2021-08-23
"emprenemjunts","LinkenerSpain",1,0,0,1,2021-08-23
"emprenemjunts","parccientificuv",1,0,0,1,2021-08-23
"emprenemjunts","Periodistas360",1,0,0,1,2021-08-23
"emprenemjunts","sistema_doeet",1,0,0,1,2021-08-23
"emprenemjunts","UV_EG",1,0,0,1,2021-08-23
"emprenemjunts","valgenetics",1,0,0,1,2021-08-23
"EMSUR_","aimplas",1,0,0,1,2021-08-23
"EMSUR_","EMSUR_",1,0,0,1,2021-08-23
"entidadPTV","SagredoMarco",0,1,0,1,2021-08-23
"EPPM_Magazine","BerryGlobalInc",1,0,0,1,2021-08-23
"EPPM_Magazine","breathe_99",1,0,0,1,2021-08-23
"EPPM_Magazine","CarmofProject",1,0,0,1,2021-08-23
"EPPM_Magazine","kpGroup_",1,0,0,1,2021-08-23
"EPPM_Magazine","LeistritzCorp",1,0,0,1,2021-08-23
"EPPM_Magazine","SABIC",1,0,0,1,2021-08-23
"EPPM_Magazine","TNO_Research",1,0,0,1,2021-08-23
"EPPM_Magazine","TOMRAGroup",1,0,0,1,2021-08-23
"Equiplast","amec_asoc",1,0,0,1,2021-08-23
"Equiplast","AMETIC_es",1,0,0,1,2021-08-23
"Equiplast","Ascamm_Gremi",1,0,0,1,2021-08-23
"Equiplast","asegre01",1,0,0,1,2021-08-23
"Equiplast","BASF_ES",1,0,0,1,2021-08-23
"Equiplast","CEP",1,0,0,1,2021-08-23
"Equiplast","CEPplast",1,0,0,1,2021-08-23
"Equiplast","CienciaGob",1,0,0,1,2021-08-23
"Equiplast","deborahciencia",1,0,0,1,2021-08-23
"Equiplast","FidaMc",1,0,0,1,2021-08-23
"Equiplast","mincoturgob",1,0,0,1,2021-08-23
"Equiplast","mitecogob",1,0,0,1,2021-08-23
"Equiplast","PT3NEO",1,0,0,1,2021-08-23
"Equiplast","Repsol",1,0,0,1,2021-08-23
"Equiplast","SABIC",1,0,0,1,2021-08-23
"Equiplast","SusChemSpain",1,0,0,1,2021-08-23
"esplasticos","20m",1,0,0,1,2021-08-23
"esplasticos","ANAIP_es",1,0,0,1,2021-08-23
"esplasticos","ANARPLA",1,0,0,1,2021-08-23
"esplasticos","AvepAsociacion",1,0,0,1,2021-08-23
"esplasticos","PlasticsEuropES",1,0,0,1,2021-08-23
"esplasticos","TeknikerOficial",1,0,0,1,2021-08-23
"Eternal_Energy_","aimplas",1,0,0,1,2021-08-23
"Eternal_Energy_","itenergia",1,0,0,1,2021-08-23
"Eternal_Energy_","Per_Energia",1,0,0,1,2021-08-23
"EUBioplastics","BBI2020",1,0,0,1,2021-08-23
"EUBioplastics","BIOnTop_Project",1,0,0,1,2021-08-23
"EUBioplastics","EU_H2020",1,0,0,1,2021-08-23
"EUBioplastics","OceanetsProject",1,0,0,1,2021-08-23
"EURO_FUNDING","aimplas",1,0,0,1,2021-08-23
"eurocarne","ANAIP_es",1,0,0,1,2021-08-23
"eurocarne","PlasticsEuropES",1,0,0,1,2021-08-23
"Eurosurfas","AMETIC_es",1,0,0,1,2021-08-23
"Eurosurfas","asegre01",1,0,0,1,2021-08-23
"Eurosurfas","FidaMc",1,0,0,1,2021-08-23
"Eurosurfas","PT3NEO",1,0,0,1,2021-08-23
"Eurosurfas","tecnalia",1,0,0,1,2021-08-23
"excedentesolar","aimplas",1,0,0,1,2021-08-23
"excedentesolar","BASF_ES",1,0,0,1,2021-08-23
"excedentesolar","deborahciencia",1,0,0,1,2021-08-23
"excedentesolar","PlasticsEuropES",1,0,0,1,2021-08-23
"excedentesolar","Repsol",1,0,0,1,2021-08-23
"excedentesolar","SABIC",1,0,0,1,2021-08-23
"excedentesolar","SusChemSpain",1,0,0,1,2021-08-23
"expoquimia","AMETIC_es",1,0,0,1,2021-08-23
"expoquimia","asegre01",1,0,0,1,2021-08-23
"expoquimia","BASF_ES",1,0,0,1,2021-08-23
"expoquimia","deborahciencia",1,0,0,1,2021-08-23
"expoquimia","FidaMc",1,0,0,1,2021-08-23
"expoquimia","PlasticsEuropES",1,0,0,1,2021-08-23
"expoquimia","PT3NEO",1,0,0,1,2021-08-23
"expoquimia","Repsol",1,0,0,1,2021-08-23
"expoquimia","SABIC",1,0,0,1,2021-08-23
"expoquimia","SusChemSpain",1,0,0,1,2021-08-23
"expoquimia","tecnalia",1,0,0,1,2021-08-23
"EySMunicipales","aimplas",1,0,0,1,2021-08-23
"fadiplastsl","AIDIMME",1,0,0,1,2021-08-23
"fadiplastsl","InescopTech",1,0,0,1,2021-08-23
"FarrellyMitchel","aacudam",1,0,0,1,2021-08-23
"FarrellyMitchel","AgroBioCluster",1,0,0,1,2021-08-23
"FarrellyMitchel","aimplas",1,0,0,1,2021-08-23
"FarrellyMitchel","CIDETEC_",1,0,0,1,2021-08-23
"FarrellyMitchel","FarrellyMitchel",0,1,0,1,2021-08-23
"FarrellyMitchel","GenHydro",1,0,0,1,2021-08-23
"FarrellyMitchel","GreenovateEU",1,0,0,1,2021-08-23
"FarrellyMitchel","mi_sustainable",1,0,0,1,2021-08-23
"FarrellyMitchel","RISEProcessum",1,0,0,1,2021-08-23
"FCalidad","GVAavi",1,0,0,1,2021-08-23
"FCalidad","IISLaFe",1,0,0,1,2021-08-23
"FCalidad","Industrias_TAYG",1,0,0,1,2021-08-23
"FCalidad","itmupv",1,0,0,1,2021-08-23
"FCalidad","tecnalia",1,0,0,1,2021-08-23
"FConexus","aimplas",1,0,0,1,2021-08-23
"FEDACOVA_VLC","aimplas",1,0,0,1,2021-08-23
"FEDACOVA_VLC","ainiatecnologia",1,0,0,1,2021-08-23
"Fedit","zeus_packaging",1,0,0,1,2021-08-23
"Feique_ES","aimplas",1,0,0,1,2021-08-23
"Feique_ES","BASF_ES",1,0,0,1,2021-08-23
"Feique_ES","deborahciencia",1,0,0,1,2021-08-23
"Feique_ES","PlasticsEuropES",1,0,0,1,2021-08-23
"Feique_ES","Repsol",1,0,0,1,2021-08-23
"Feique_ES","SABIC",1,0,0,1,2021-08-23
"Feique_ES","SusChemSpain",1,0,0,1,2021-08-23
"Ferfollos","aimplas",1,0,0,1,2021-08-23
"feriaecofira","ecoticiasRED",1,0,0,1,2021-08-23
"feriaecofira","GVAivace",1,0,0,1,2021-08-23
"feriaecofira","UV_EG",1,0,0,1,2021-08-23
"Fernando_Ca_63","AIDIMME",1,0,0,1,2021-08-23
"Fernando_Ca_63","entidadPTV",1,0,0,1,2021-08-23
"Fernando_Ca_63","InescopTech",1,0,0,1,2021-08-23
"Fesord","aimplas",1,0,0,1,2021-08-23
"ffe_es","Adif_es",1,0,0,1,2021-08-23
"ffe_es","AgEInves",1,0,0,1,2021-08-23
"ffe_es","ArcelorMittal",1,0,0,1,2021-08-23
"ffe_es","La_UPM",1,0,0,1,2021-08-23
"ffe_es","mitmagob",1,0,0,1,2021-08-23
"ffe_es","Shift2Rail_JU",1,0,0,1,2021-08-23
"ffe_es","TalgoGroup",1,0,0,1,2021-08-23
"ffe_es","tecnalia",1,0,0,1,2021-08-23
"fgirona","aimplas",1,0,0,1,2021-08-23
"fgirona","Benihort",1,0,0,1,2021-08-23
"fgirona","CoopsAgroCV",1,0,0,1,2021-08-23
"fgirona","GVAavi",1,0,0,1,2021-08-23
"fgirona","IBMCP",1,0,0,1,2021-08-23
"FGlobalis","aimplas",1,0,0,1,2021-08-23
"FIDAMC_","AEMAC_",1,0,0,1,2021-08-23
"FIDAMC_","Eurecat_news",1,0,0,1,2021-08-23
"FIDAMC_","FIDAMC_",0,1,0,1,2021-08-23
"FIDAMC_","Fira_Barcelona",1,0,0,1,2021-08-23
"fihguv","aimplas",1,0,0,1,2021-08-23
"fihguv","GVAavi",1,0,0,1,2021-08-23
"fihguv","HGUVALENCIA",0,1,0,1,2021-08-23
"fihguv","ibv_org",1,0,0,1,2021-08-23
"fihguv","UPV",1,0,0,1,2021-08-23
"FlotantProject","GranCanariaCab",1,0,0,1,2021-08-23
"food_retail","esplasticos",1,0,0,1,2021-08-23
"Food4LifeSPAIN","CticCita",1,0,0,1,2021-08-23
"Food4LifeSPAIN","PKF_INNCOME",1,0,0,1,2021-08-23
"Food4LifeSPAIN","Sealed_Air",1,0,0,1,2021-08-23
"Food4LifeSPAIN","UABBarcelona",1,0,0,1,2021-08-23
"FoodTechBiz","aimplas",1,0,0,1,2021-08-23
"ForoQyS","Airbus",1,0,0,1,2021-08-23
"ForoQyS","Cefic",1,0,0,1,2021-08-23
"ForoQyS","deborahciencia",1,0,0,1,2021-08-23
"ForoQyS","foretica",1,0,0,1,2021-08-23
"ForoQyS","GVAivace",1,0,0,1,2021-08-23
"ForoQyS","Pascual",1,0,0,1,2021-08-23
"ForoQyS","ternua",1,0,0,1,2021-08-23
"ForoQyS","UPV",1,0,0,1,2021-08-23
"FranoisStryker1","AErasmusproject",0,1,0,1,2021-08-23
"FranoisStryker1","aimplas",1,0,0,1,2021-08-23
"FranoisStryker1","Jobsatskills",1,0,0,1,2021-08-23
"fruittoday","ADNAgroFood",1,0,0,1,2021-08-23
"fruittoday","Cajamar",1,0,0,1,2021-08-23
"fruittoday","esplasticos",1,0,0,1,2021-08-23
"fruittoday","frutasloscursos",1,0,0,1,2021-08-23
"fruittoday","fTROPS",1,0,0,1,2021-08-23
"fruittoday","launioncorp",1,0,0,1,2021-08-23
"fruittoday","mitecogob",1,0,0,1,2021-08-23
"fruittoday","RG_tropical",1,0,0,1,2021-08-23
"Fund_Diversidad","EU_Commission",1,0,0,1,2021-08-23
"Fund_Diversidad","EU_Justice",1,0,0,1,2021-08-23
"Fund_Diversidad","helenadalli",1,0,0,1,2021-08-23
"FuturEnviro","aebigspain",1,0,0,1,2021-08-23
"FuturEnviro","AIDIMME",1,0,0,1,2021-08-23
"FuturEnviro","airesaslu",1,0,0,1,2021-08-23
"FuturEnviro","aitiip",1,0,0,1,2021-08-23
"FuturEnviro","ANAIP_es",1,0,0,1,2021-08-23
"FuturEnviro","aqualia",1,0,0,1,2021-08-23
"FuturEnviro","AvepAsociacion",1,0,0,1,2021-08-23
"FuturEnviro","BASF_ES",1,0,0,1,2021-08-23
"FuturEnviro","CIDETEC_",1,0,0,1,2021-08-23
"FuturEnviro","ecodigestion",1,0,0,1,2021-08-23
"FuturEnviro","esplasticos",1,0,0,1,2021-08-23
"FuturEnviro","EU_ENV",1,0,0,1,2021-08-23
"FuturEnviro","eucobat",1,0,0,1,2021-08-23
"FuturEnviro","FCC_MA",1,0,0,1,2021-08-23
"FuturEnviro","fempcomunica",1,0,0,1,2021-08-23
"FuturEnviro","InescopTech",1,0,0,1,2021-08-23
"FuturEnviro","ITC_ceramica",1,0,0,1,2021-08-23
"FuturEnviro","Molecor",1,0,0,1,2021-08-23
"FuturEnviro","OHBasanta",1,0,0,1,2021-08-23
"FuturEnviro","paperChain_pro",1,0,0,1,2021-08-23
"FuturEnviro","picvisa",1,0,0,1,2021-08-23
"FuturEnviro","PlasticsEuropES",1,0,0,1,2021-08-23
"FuturEnviro","PTARElSalitre",1,0,0,1,2021-08-23
"FuturEnviro","recyclia",1,0,0,1,2021-08-23
"FuturEnviro","Repsol",1,0,0,1,2021-08-23
"FuturEnviro","suezES",1,0,0,1,2021-08-23
"FuturEnviro","TNO_Research",1,0,0,1,2021-08-23
"FuturEnviro","UV_EG",1,0,0,1,2021-08-23
"FValenciaport","aimplas",1,0,0,1,2021-08-23
"gacetadental","aimplas",1,0,0,1,2021-08-23
"gacetadental","ibv_org",1,0,0,1,2021-08-23
"garcia_saludes","AIDIMME",1,0,0,1,2021-08-23
"garcia_saludes","AIJU_Tecnologi",1,0,0,1,2021-08-23
"garcia_saludes","aimplas",1,0,0,1,2021-08-23
"garcia_saludes","ainiatecnologia",1,0,0,1,2021-08-23
"garcia_saludes","aitex_es",1,0,0,1,2021-08-23
"garcia_saludes","ibv_org",1,0,0,1,2021-08-23
"garcia_saludes","InescopTech",1,0,0,1,2021-08-23
"garcia_saludes","ITC_ceramica",1,0,0,1,2021-08-23
"garcia_saludes","itene",1,0,0,1,2021-08-23
"garcia_saludes","itenergia",1,0,0,1,2021-08-23
"garcia_saludes","ITI_TIC",1,0,0,1,2021-08-23
"garcia_saludes","Saludes_Ind",1,0,0,1,2021-08-23
"generalitat","aimplas",1,0,0,1,2021-08-23
"generalitat","GlobalOmnium",1,0,0,1,2021-08-23
"generalitat","GVAavi",1,0,0,1,2021-08-23
"generalitat","lifesequencing",1,0,0,1,2021-08-23
"generalitat","UV_EG",1,0,0,1,2021-08-23
"GlobalOmnium","aimplas",1,0,0,1,2021-08-23
"GlobalOmnium","capasvil",1,0,0,1,2021-08-23
"GlobalOmnium","GlobalOmnium",1,0,0,1,2021-08-23
"GlobalOmnium","GVAavi",1,0,0,1,2021-08-23
"GlobalOmnium","GVAinnova",1,0,0,1,2021-08-23
"GlobalOmnium","UVa_es",1,0,0,1,2021-08-23
"GoHubTech","angelramire",1,0,0,1,2021-08-23
"GoHubTech","GoHubTech",0,0,1,1,2021-08-23
"GoHubTech","JuanPeaIbaez2",1,0,0,1,2021-08-23
"GoHubTech","pepesiega",1,0,0,1,2021-08-23
"grupoenercoop","aimplas",1,0,0,1,2021-08-23
"grupoenercoop","itenergia",1,0,0,1,2021-08-23
"GrupoTHM","ainiatecnologia",1,0,0,1,2021-08-23
"GrupoTorrent","aimplas",1,0,0,1,2021-08-23
"GrupoTorrent","ANAIP_es",1,0,0,1,2021-08-23
"GrupoTorrent","ANARPLA",1,0,0,1,2021-08-23
"GrupoTorrent","AvepAsociacion",1,0,0,1,2021-08-23
"GrupoTorrent","Cicloplast_com",1,0,0,1,2021-08-23
"GrupoTorrent","esplasticos",1,0,0,1,2021-08-23
"GrupoTorrent","PlasticsEuropES",1,0,0,1,2021-08-23
"GuiaJuguete","aimplas",1,0,0,1,2021-08-23
"GuiaJuguete","Oceanografic_vl",1,0,0,1,2021-08-23
"GVAavi","CSIC",0,1,0,1,2021-08-23
"GVAavi","FuturEnviro",0,1,0,1,2021-08-23
"GVAavi","informacion_es",1,0,0,1,2021-08-23
"GVAavi","UA_Universidad",1,0,0,1,2021-08-23
"GVAeconomia","CentrosCex",1,0,0,1,2021-08-23
"GVAeconomia","GVAeconomia",0,0,1,1,2021-08-23
"GVAeconomia","Julia_company",1,0,0,1,2021-08-23
"GVAeconomia","skrollerbelt",1,0,0,1,2021-08-23
"GVAinnova","generalitat",1,0,0,1,2021-08-23
"GVAivace","AIJU_Tecnologi",1,0,0,1,2021-08-23
"GVAivace","aitex_es",1,0,0,1,2021-08-23
"GVAivace","BancoSabadell",1,0,0,1,2021-08-23
"GVAivace","casasinhaus",1,0,0,1,2021-08-23
"GVAivace","CDTIoficial",1,0,0,1,2021-08-23
"GVAivace","escamilla50",1,0,0,1,2021-08-23
"GVAivace","gbelenguer",1,0,0,1,2021-08-23
"GVAivace","GVAeconomia",0,1,0,1,2021-08-23
"GVAivace","HorizonteEuropa",1,0,0,1,2021-08-23
"GVAivace","itenergia",1,0,0,1,2021-08-23
"GVAivace","ITI_TIC",1,0,0,1,2021-08-23
"GVAivace","microempresa",1,0,0,1,2021-08-23
"GVAivace","RebecaOntinyent",1,0,0,1,2021-08-23
"GVAivace","Sebastia_Jordi",1,0,0,1,2021-08-23
"GVAportaveu","AIDIMME",1,0,0,1,2021-08-23
"GVAportaveu","AIJU_Tecnologi",1,0,0,1,2021-08-23
"GVAportaveu","aimplas",1,0,0,1,2021-08-23
"GVAportaveu","aitex_es",1,0,0,1,2021-08-23
"GVAportaveu","GVAeconomia",1,0,0,1,2021-08-23
"GVAportaveu","GVAlabora",1,0,0,1,2021-08-23
"GVAportaveu","InescopTech",1,0,0,1,2021-08-23
"GVAvicepres2n","AIDIMME",1,0,0,1,2021-08-23
"GVAvicepres2n","AIJU_Tecnologi",1,0,0,1,2021-08-23
"GVAvicepres2n","aimplas",1,0,0,1,2021-08-23
"GVAvicepres2n","laurasfrances",1,0,0,1,2021-08-23
"GVAvicepres2n","matarredona_nur",1,0,0,1,2021-08-23
"GVAvicepres2n","Redit_es",1,0,0,1,2021-08-23
"H2020_Partner","accio_cat",1,0,0,1,2021-08-23
"H2020_Partner","aimplas",1,0,0,1,2021-08-23
"H2020_Partner","AristosInfo",1,0,0,1,2021-08-23
"H2020_Partner","biocat_cat",1,0,0,1,2021-08-23
"H2020_Partner","CDTIoficial",1,0,0,1,2021-08-23
"H2020_Partner","eencat",1,0,0,1,2021-08-23
"H2020_Partner","Eurecat_news",1,0,0,1,2021-08-23
"H2020_Partner","horizonexperts",1,0,0,1,2021-08-23
"H2020_Partner","itene",1,0,0,1,2021-08-23
"H2020_Partner","JCGarcia_CDTI",1,0,0,1,2021-08-23
"H2020_Partner","jordipietx",1,0,0,1,2021-08-23
"H2020_Partner","RosaAriasAlv",1,0,0,1,2021-08-23
"H2020_Partner","scibus",1,0,0,1,2021-08-23
"H2020_Partner","SorosGabinete",1,0,0,1,2021-08-23
"H2020_Partner","Wendy_Moreno_EU",1,0,0,1,2021-08-23
"HABRILAN","Airbus",1,0,0,1,2021-08-23
"HABRILAN","AvepAsociacion",1,0,0,1,2021-08-23
"HABRILAN","CDTIoficial",1,0,0,1,2021-08-23
"HABRILAN","Colquimva",1,0,0,1,2021-08-23
"HABRILAN","DANOBATGROUP",1,0,0,1,2021-08-23
"HABRILAN","Equiplast",1,0,0,1,2021-08-23
"HABRILAN","esplasticos",1,0,0,1,2021-08-23
"HABRILAN","Eurecat_news",1,0,0,1,2021-08-23
"HABRILAN","Eurosurfas",1,0,0,1,2021-08-23
"HABRILAN","expoquimia",1,0,0,1,2021-08-23
"HABRILAN","Fira_Barcelona",1,0,0,1,2021-08-23
"HABRILAN","Redit_es",1,0,0,1,2021-08-23
"HABRILAN","TalgoGroup",1,0,0,1,2021-08-23
"HABRILAN","UdGPolitecnica",1,0,0,1,2021-08-23
"hasta_el_lunes","canalsur",1,0,0,1,2021-08-23
"hasta_el_lunes","canalsurcordoba",1,0,0,1,2021-08-23
"hasta_el_lunes","ensgismau",1,0,0,1,2021-08-23
"hasta_el_lunes","hasta_el_lunes",0,0,1,1,2021-08-23
"hasta_el_lunes","manavas21",1,0,0,1,2021-08-23
"hasta_el_lunes","vir_montero",1,0,0,1,2021-08-23
"heroes_urbanos","aimplas",1,0,0,1,2021-08-23
"heroes_urbanos","CORDIS_EU",1,0,0,1,2021-08-23
"heroes_urbanos","URBANREC_H2020",1,0,0,1,2021-08-23
"HGUVALENCIA","aimplas",1,0,0,1,2021-08-23
"HGUVALENCIA","HGUVALENCIA",1,0,0,1,2021-08-23
"HGUVALENCIA","ibv_org",1,0,0,1,2021-08-23
"HGUVALENCIA","IRTIC_UV",1,0,0,1,2021-08-23
"Hispackbcn","Cicloplast_com",1,0,0,1,2021-08-23
"Hispackbcn","esplasticos",1,0,0,1,2021-08-23
"Hispacoop","aimplas",1,0,0,1,2021-08-23
"Horticom","aimplas",1,0,0,1,2021-08-23
"HospitalLaFe","aimplas",1,0,0,1,2021-08-23
"HospitalLaFe","Betelgeux_es",1,0,0,1,2021-08-23
"HospitalLaFe","GVAavi",1,0,0,1,2021-08-23
"HospitalLaFe","HospitalLaFe",1,0,0,1,2021-08-23
"HospitalLaFe","IISLaFe",1,0,0,1,2021-08-23
"HospitalLaFe","ITQ_UPVCSIC",1,0,0,1,2021-08-23
"HospitalLaFe","UPV",1,0,0,1,2021-08-23
"i_cardenal","aimplas",1,0,0,1,2021-08-23
"i_cardenal","i_cardenal",0,0,1,1,2021-08-23
"iambiente","itenergia",1,0,0,1,2021-08-23
"IBIAE","IESLaFoiaIbi",1,0,0,1,2021-08-23
"ibv_org","3DPrinting_Des",1,0,0,1,2021-08-23
"ibv_org","AutPortValencia",1,0,0,1,2021-08-23
"ibv_org","elperiodic",1,0,0,1,2021-08-23
"ibv_org","floridauni",1,0,0,1,2021-08-23
"ibv_org","GeriatricArea",1,0,0,1,2021-08-23
"ibv_org","IMMedicoHosp",1,0,0,1,2021-08-23
"ibv_org","Institutoai2upv",1,0,0,1,2021-08-23
"ibv_org","int_impresion3D",1,0,0,1,2021-08-23
"ibv_org","LaVanguardia",1,0,0,1,2021-08-23
"ibv_org","prevencionar",1,0,0,1,2021-08-23
"ibv_org","UV_EG",1,0,0,1,2021-08-23
"idainature","aimplas",1,0,0,1,2021-08-23
"IDEKO_","AEMAC_",1,0,0,1,2021-08-23
"IDEKO_","aernnova_usa",1,0,0,1,2021-08-23
"IDEKO_","aeroespacialUPM",1,0,0,1,2021-08-23
"IDEKO_","aimplas",1,0,0,1,2021-08-23
"IDEKO_","AirbusHeli",1,0,0,1,2021-08-23
"IDEKO_","amade_udg",1,0,0,1,2021-08-23
"IDEKO_","DanobatSheetMet",1,0,0,1,2021-08-23
"IDEKO_","HexcelCorp",1,0,0,1,2021-08-23
"IDEKO_","IDEKO_",1,0,0,1,2021-08-23
"IDEKO_","TalgoGroup",1,0,0,1,2021-08-23
"IDEKO_","tsisl_oficial",1,0,0,1,2021-08-23
"IDiBE_UMH","aimplas",1,0,0,1,2021-08-23
"IfapaOlivar","aimplas",1,0,0,1,2021-08-23
"IfapaOlivar","mercacei",0,1,0,1,2021-08-23
"IFATworldwide","aimplas",1,0,0,1,2021-08-23
"IFATworldwide","DafiaProject",1,0,0,1,2021-08-23
"impulsa_ciu","aimplas",1,0,0,1,2021-08-23
"IndustrialesCV","aimplas",1,0,0,1,2021-08-23
"IndustrialesCV","UPV",1,0,0,1,2021-08-23
"Industrias_TAYG","aimplas",1,0,0,1,2021-08-23
"Industrias_TAYG","Mundoplast",1,0,0,1,2021-08-23
"industry_arena","accio_cat",1,0,0,1,2021-08-23
"industry_arena","AMETIC_es",1,0,0,1,2021-08-23
"industry_arena","ascameorg",1,0,0,1,2021-08-23
"industry_arena","asegre01",1,0,0,1,2021-08-23
"industry_arena","camarascomercio",1,0,0,1,2021-08-23
"industry_arena","cambrabcn",1,0,0,1,2021-08-23
"industry_arena","eoi",1,0,0,1,2021-08-23
"industry_arena","Eurecat",1,0,0,1,2021-08-23
"industry_arena","FIDAMC_",1,0,0,1,2021-08-23
"industry_arena","industrialesand",1,0,0,1,2021-08-23
"industry_arena","industry_arena",0,0,1,1,2021-08-23
"industry_arena","InnovALuy",1,0,0,1,2021-08-23
"industry_arena","mincoturgob",1,0,0,1,2021-08-23
"industry_arena","packcluster",1,0,0,1,2021-08-23
"industry_arena","PatronalCecot",1,0,0,1,2021-08-23
"industry_arena","PT3NEO",1,0,0,1,2021-08-23
"IndustryTalksES","Actecosl",1,0,0,1,2021-08-23
"IndustryTalksES","Agenda2030Gob",1,0,0,1,2021-08-23
"IndustryTalksES","airesaslu",1,0,0,1,2021-08-23
"IndustryTalksES","BlueplasmaPower",1,0,0,1,2021-08-23
"IndustryTalksES","SustainableInnE",1,0,0,1,2021-08-23
"InescopTech","AIDIMME",1,0,0,1,2021-08-23
"InescopTech","aimplas",1,0,0,1,2021-08-23
"InescopTech","alicanteplaza",1,0,0,1,2021-08-23
"InescopTech","maytedomingo_",0,1,0,1,2021-08-23
"InescopTech","valenciaplaza",1,0,0,1,2021-08-23
"infoagrocom","Cicloplast",1,0,0,1,2021-08-23
"infoagrocom","UV_EG",1,0,0,1,2021-08-23
"informaciontvA","aimplas",1,0,0,1,2021-08-23
"informaciontvA","GVAavi",1,0,0,1,2021-08-23
"informaciontvA","ITC_Packaging",1,0,0,1,2021-08-23
"informaciontvA","nandorico16",1,0,0,1,2021-08-23
"informaciontvA","UA_Universidad",1,0,0,1,2021-08-23
"informaciontvA","UA_Universitat",1,0,0,1,2021-08-23
"InnowayST","aimplas",1,0,0,1,2021-08-23
"InnowayST","Cicloplast_com",1,0,0,1,2021-08-23
"InnowayST","industriambient",1,0,0,1,2021-08-23
"int_textil","aimplas",1,0,0,1,2021-08-23
"iolunadeJupiter","aimplas",1,0,0,1,2021-08-23
"iolunadeJupiter","Betelgeux_es",1,0,0,1,2021-08-23
"iolunadeJupiter","GVAavi",1,0,0,1,2021-08-23
"iolunadeJupiter","ITQ_UPVCSIC",1,0,0,1,2021-08-23
"IPPTalk","aimplas",1,0,0,1,2021-08-23
"IreneLarroy","accio_cat",1,0,0,1,2021-08-23
"IreneLarroy","aimplas",1,0,0,1,2021-08-23
"IreneLarroy","biocat_cat",1,0,0,1,2021-08-23
"IreneLarroy","CDTIoficial",1,0,0,1,2021-08-23
"IreneLarroy","eencat",1,0,0,1,2021-08-23
"IreneLarroy","Eurecat_news",1,0,0,1,2021-08-23
"IreneLarroy","H2020_Partner",1,0,0,1,2021-08-23
"IreneLarroy","horizonexperts",1,0,0,1,2021-08-23
"IreneLarroy","itene",1,0,0,1,2021-08-23
"IreneLarroy","JCGarcia_CDTI",1,0,0,1,2021-08-23
"IreneLarroy","jordipietx",1,0,0,1,2021-08-23
"IreneLarroy","marcsattacks",1,0,0,1,2021-08-23
"IreneLarroy","RosaAriasAlv",1,0,0,1,2021-08-23
"IreneLarroy","scibus",1,0,0,1,2021-08-23
"IreneLarroy","SorosGabinete",1,0,0,1,2021-08-23
"IreneLarroy","talk2much12",1,0,0,1,2021-08-23
"IreneLarroy","Wendy_Moreno_EU",1,0,0,1,2021-08-23
"iResiduo","ANARPLA",1,0,0,1,2021-08-23
"iResiduo","AvepAsociacion",1,0,0,1,2021-08-23
"iResiduo","Cicloplast_com",1,0,0,1,2021-08-23
"iResiduo","PlasticsEuropES",1,0,0,1,2021-08-23
"ISWA_org","CTAG_Materials",1,0,0,1,2021-08-23
"ISWA_org","Daimler",1,0,0,1,2021-08-23
"ISWA_org","panasonic",1,0,0,1,2021-08-23
"ISWA_org","panasonic_lstr",1,0,0,1,2021-08-23
"ITACYL","Fundacion_CTME",1,0,0,1,2021-08-23
"ITACYL","inbiotecenlared",1,0,0,1,2021-08-23
"ITACYL","Vitartis",1,0,0,1,2021-08-23
"ITC_ceramica","AgEInves",1,0,0,1,2021-08-23
"ITC_ceramica","asociacionruvid",1,0,0,1,2021-08-23
"ITC_ceramica","CLAMDesarrollo",1,0,0,1,2021-08-23
"ITC_ceramica","copecastellon",0,1,0,1,2021-08-23
"ITC_ceramica","CSICval",1,0,0,1,2021-08-23
"ITC_ceramica","FConexus",1,0,0,1,2021-08-23
"ITC_ceramica","Fedit",1,0,0,1,2021-08-23
"ITC_ceramica","Fritta_slu",1,0,0,1,2021-08-23
"ITC_ceramica","GVAddigital",1,0,0,1,2021-08-23
"ITC_ceramica","GVAinnova",1,0,0,1,2021-08-23
"ITC_ceramica","KerabenGrupo",1,0,0,1,2021-08-23
"ITC_ceramica","ReciclaliaC",1,0,0,1,2021-08-23
"ITC_ceramica","seimedcv",1,0,0,1,2021-08-23
"ITC_ceramica","SiemensGamesaES",1,0,0,1,2021-08-23
"ITC_ceramica","sofitec_",1,0,0,1,2021-08-23
"ITC_ceramica","Startup_VLC",1,0,0,1,2021-08-23
"ITC_ceramica","UJIuniversitat",1,0,0,1,2021-08-23
"ITC_ceramica","universitat",1,0,0,1,2021-08-23
"itenergia","igcamag",1,0,0,1,2021-08-23
"itenergia","jaceral",1,0,0,1,2021-08-23
"itenergia","jmasbelso",1,0,0,1,2021-08-23
"itenergia","nexusintegra",1,0,0,1,2021-08-23
"ITI_TIC","ivace",1,0,0,1,2021-08-23
"ITQ_UPVCSIC","Betelgeux_es",1,0,0,1,2021-08-23
"ITQ_UPVCSIC","CSIC",1,0,0,1,2021-08-23
"ITQ_UPVCSIC","CSICval",1,0,0,1,2021-08-23
"ITQ_UPVCSIC","HospitalLaFe",1,0,0,1,2021-08-23
"ITQ_UPVCSIC","Industrias_TAYG",1,0,0,1,2021-08-23
"ITQ_UPVCSIC","itmupv",1,0,0,1,2021-08-23
"izarotech","ANAIP_es",1,0,0,1,2021-08-23
"izarotech","AvepAsociacion",1,0,0,1,2021-08-23
"izarotech","CIDETEC_",1,0,0,1,2021-08-23
"izarotech","InescopTech",1,0,0,1,2021-08-23
"izarotech","PlasticsEurope",1,0,0,1,2021-08-23
"izarotech","tecnalia",1,0,0,1,2021-08-23
"izarotech","TeknikerOficial",1,0,0,1,2021-08-23
"IzasaScientific","jcst2801",1,0,0,1,2021-08-23
"jadfrias","aimplas",1,0,0,1,2021-08-23
"jadfrias","BASF_ES",1,0,0,1,2021-08-23
"jadfrias","Repsol",1,0,0,1,2021-08-23
"jadfrias","SABIC",1,0,0,1,2021-08-23
"jealvarez","ACortinaPantion",1,0,0,1,2021-08-23
"jealvarez","Correos",1,0,0,1,2021-08-23
"jealvarez","cristinasancho",1,0,0,1,2021-08-23
"jealvarez","EspejoPublico",1,0,0,1,2021-08-23
"jealvarez","foroinserta",1,0,0,1,2021-08-23
"jealvarez","IKEASpain",1,0,0,1,2021-08-23
"JECComposites","TeknikerOficial",1,0,0,1,2021-08-23
"JECComposites","TNO_Research",1,0,0,1,2021-08-23
"jesus_calvo","aimplas",1,0,0,1,2021-08-23
"joanros78","AvepAsociacion",1,0,0,1,2021-08-23
"joanros78","GVAinnova",1,0,0,1,2021-08-23
"JorgeGdeOpazo","aimplas",1,0,0,1,2021-08-23
"JorgeGdeOpazo","CdeCarnica",1,0,0,1,2021-08-23
"jp_torregrosa","aimplas",1,0,0,1,2021-08-23
"jp_torregrosa","BIOVAL_es",1,0,0,1,2021-08-23
"jp_torregrosa","itenergia",1,0,0,1,2021-08-23
"juliabrines","aimplas",1,0,0,1,2021-08-23
"juliabrines","expansioncom",1,0,0,1,2021-08-23
"juliatomas3","aimplas",1,0,0,1,2021-08-23
"KerabenGrupo","aimplas",1,0,0,1,2021-08-23
"khaqanshati","aimplas",1,0,0,1,2021-08-23
"khaqanshati","CalipsoPlus",1,0,0,1,2021-08-23
"khaqanshati","cepyme_",1,0,0,1,2021-08-23
"khaqanshati","confemetal",1,0,0,1,2021-08-23
"khaqanshati","Feique_ES",1,0,0,1,2021-08-23
"LAB_Ecoinnova","Actecosl",1,0,0,1,2021-08-23
"LAB_Ecoinnova","aimplas",1,0,0,1,2021-08-23
"LAB_Ecoinnova","BioICEP_IMGGE",1,0,0,1,2021-08-23
"LAB_Ecoinnova","RevistaRETEMA",1,0,0,1,2021-08-23
"LaboralLab_","aimplas",1,0,0,1,2021-08-23
"LaboralLab_","antena3com",1,0,0,1,2021-08-23
"LaboralLab_","AsocEyC",1,0,0,1,2021-08-23
"LaboralLab_","Correos",1,0,0,1,2021-08-23
"LaboralLab_","EspejoPublico",1,0,0,1,2021-08-23
"LaboralLab_","foroinserta",1,0,0,1,2021-08-23
"LaboralLab_","Fundacion_ONCE",1,0,0,1,2021-08-23
"lacarolinajaen","aimplas",1,0,0,1,2021-08-23
"lacarolinajaen","CentrosCex",1,0,0,1,2021-08-23
"lacarolinajaen","escamilla50",1,0,0,1,2021-08-23
"lacarolinajaen","generalitat",1,0,0,1,2021-08-23
"lacarolinajaen","GVAivace",1,0,0,1,2021-08-23
"lacarolinajaen","Julia_company",1,0,0,1,2021-08-23
"lacarolinajaen","Rafa_Climentg",1,0,0,1,2021-08-23
"LanzaTech","aimplas",1,0,0,1,2021-08-23
"LaPalestraJca","aimplas",1,0,0,1,2021-08-23
"LaPalestraJca","MatiesAmparo",1,0,0,1,2021-08-23
"LasNaves","aimplas",1,0,0,1,2021-08-23
"LasNaves","AjuntamentVLC",1,0,0,1,2021-08-23
"LasNaves","carlosgaliana",1,0,0,1,2021-08-23
"LasNaves","martachillaron",1,0,0,1,2021-08-23
"LifeEpsSure","4filmLife",1,0,0,1,2021-08-23
"LifeEpsSure","ANAIP_es",1,0,0,1,2021-08-23
"LifeEpsSure","andaltec",1,0,0,1,2021-08-23
"LifeEpsSure","lifeplasmix",1,0,0,1,2021-08-23
"LifeEpsSure","ResiduosPro",1,0,0,1,2021-08-23
"LinkenerSpain","angelramire",1,0,0,1,2021-08-23
"LinkenerSpain","EosOrbital",1,0,0,1,2021-08-23
"LinkenerSpain","GlobalOmnium",1,0,0,1,2021-08-23
"LinkenerSpain","GoHubTech",1,0,0,1,2021-08-23
"LinkenerSpain","JuanPeaIbaez2",1,0,0,1,2021-08-23
"LinkenerSpain","LinkenerSpain",1,0,0,1,2021-08-23
"LinkenerSpain","pepesiega",1,0,0,1,2021-08-23
"LISSolutionsTW","aimplas",1,0,0,1,2021-08-23
"LolaFPaniagua","ainiatecnologia",1,0,0,1,2021-08-23
"LolaFPaniagua","ANAIP_es",1,0,0,1,2021-08-23
"LolaFPaniagua","ANARPLA",1,0,0,1,2021-08-23
"LolaFPaniagua","danone_es",1,0,0,1,2021-08-23
"LolaFPaniagua","faerchgroup",1,0,0,1,2021-08-23
"LolaFPaniagua","Nestle_es",1,0,0,1,2021-08-23
"LolaFPaniagua","UV_EG",1,0,0,1,2021-08-23
"londones","aimplas",1,0,0,1,2021-08-23
"londones","corifyAF",1,0,0,1,2021-08-23
"londones","Grupo_TSK",1,0,0,1,2021-08-23
"londones","Molecor",1,0,0,1,2021-08-23
"londones","PigCHAMP_Europa",1,0,0,1,2021-08-23
"londones","skrollerbelt",1,0,0,1,2021-08-23
"LosPackaging","ainiatecnologia",1,0,0,1,2021-08-23
"LosPackaging","CdeCarnica",1,0,0,1,2021-08-23
"Luis_RoFe","AceiteOlivalle",1,0,0,1,2021-08-23
"Luis_RoFe","aimplas",1,0,0,1,2021-08-23
"luispatinoangel","aimplas",1,0,0,1,2021-08-23
"luispatinoangel","luispatinoangel",1,0,0,1,2021-08-23
"mafehegu","Cicloplast_com",1,0,0,1,2021-08-23
"manccampdeturia","aimplas",1,0,0,1,2021-08-23
"manccampdeturia","ajtlapobla",1,0,0,1,2021-08-23
"manccampdeturia","AjuntamentSerra",1,0,0,1,2021-08-23
"manccampdeturia","ajvilamarxant",1,0,0,1,2021-08-23
"manccampdeturia","ayto_riba_roja",1,0,0,1,2021-08-23
"manccampdeturia","AytoBenaguasil",1,0,0,1,2021-08-23
"manccampdeturia","Aytobetera",1,0,0,1,2021-08-23
"manccampdeturia","aytolliria",1,0,0,1,2021-08-23
"manccampdeturia","AytoLoriguilla",1,0,0,1,2021-08-23
"manccampdeturia","AytoMarines",1,0,0,1,2021-08-23
"manccampdeturia","AytoNaquera",1,0,0,1,2021-08-23
"manccampdeturia","AyuntamientoSAB",1,0,0,1,2021-08-23
"manccampdeturia","benissano",1,0,0,1,2021-08-23
"manccampdeturia","GVAlabora",1,0,0,1,2021-08-23
"MaripeSamper","CentrosCex",1,0,0,1,2021-08-23
"MaripeSamper","escamilla50",1,0,0,1,2021-08-23
"MaripeSamper","generalitat",1,0,0,1,2021-08-23
"MaripeSamper","GVAivace",1,0,0,1,2021-08-23
"MaripeSamper","Julia_company",1,0,0,1,2021-08-23
"MaripeSamper","Rafa_Climentg",1,0,0,1,2021-08-23
"MartaEGMosquera","CBachiller",1,0,0,1,2021-08-23
"MartaEGMosquera","geqo_rseq",1,0,0,1,2021-08-23
"MartaEGMosquera","MDPIOpenAccess",1,0,0,1,2021-08-23
"Mateprincs","3Neo",1,0,0,1,2021-08-23
"Mateprincs","Cluster",1,0,0,1,2021-08-23
"Mateprincs","ep",1,0,0,1,2021-08-23
"Mateprincs","naitec",1,0,0,1,2021-08-23
"Mateprincs","swansea",1,0,0,1,2021-08-23
"Mateprincs","SwanseaUni",1,0,0,1,2021-08-23
"materplat","Adif_es",1,0,0,1,2021-08-23
"materplat","AgEInves",1,0,0,1,2021-08-23
"materplat","CIDETEC",1,0,0,1,2021-08-23
"materplat","CIDETEC_",1,0,0,1,2021-08-23
"materplat","CienciaGob",1,0,0,1,2021-08-23
"materplat","CTAG_Materials",1,0,0,1,2021-08-23
"materplat","mitmagob",1,0,0,1,2021-08-23
"materplat","Shift2Rail_JU",1,0,0,1,2021-08-23
"materplat","TalgoGroup",1,0,0,1,2021-08-23
"materplat","tecnalia",1,0,0,1,2021-08-23
"maytedomingo_","Faurecia",1,0,0,1,2021-08-23
"maytedomingo_","garcia_saludes",1,0,0,1,2021-08-23
"maytedomingo_","GreenTurf",1,0,0,1,2021-08-23
"maytedomingo_","iberapa",1,0,0,1,2021-08-23
"maytedomingo_","Julia_company",1,0,0,1,2021-08-23
"maytedomingo_","Porcelanosa_es",1,0,0,1,2021-08-23
"maytedomingo_","realturfoficial",1,0,0,1,2021-08-23
"maytedomingo_","Saludes_Ind",1,0,0,1,2021-08-23
"MediterraneoPre","aimplas",1,0,0,1,2021-08-23
"MediterraneoPre","GlobalOmnium",1,0,0,1,2021-08-23
"MediterraneoPre","GVAavi",1,0,0,1,2021-08-23
"MediterraneoPre","GVAinnova",1,0,0,1,2021-08-23
"MediterraneoPre","UVa_es",1,0,0,1,2021-08-23
"mercacei","aimplas",1,0,0,1,2021-08-23
"MinarroFin","aimplas",1,0,0,1,2021-08-23
"MinarroFin","VicenteAbella",1,0,0,1,2021-08-23
"MPN_Magazine","LeistritzCorp",1,0,0,1,2021-08-23
"mrtmi3g","aimplas",1,0,0,1,2021-08-23
"mtmachado","RevistaRETEMA",1,0,0,1,2021-08-23
"mtmachado","UV_EG",1,0,0,1,2021-08-23
"Mundoplast","aitiip",1,0,0,1,2021-08-23
"Mundoplast","AvepAsociacion",1,0,0,1,2021-08-23
"Mundoplast","CIDETEC_",1,0,0,1,2021-08-23
"Mundoplast","esplasticos",1,0,0,1,2021-08-23
"Mundoplast","PlasticsEuropES",1,0,0,1,2021-08-23
"Mundoplast","raorsamaq",1,0,0,1,2021-08-23
"Mundoplast","UPV",1,0,0,1,2021-08-23
"Mundoplast","UV_EG",1,0,0,1,2021-08-23
"NanomedicineLab","aimplas",1,0,0,1,2021-08-23
"NanomedicineLab","CEA_Officiel",1,0,0,1,2021-08-23
"NanomedicineLab","DTUtweet",1,0,0,1,2021-08-23
"NanomedicineLab","EU_H2020",1,0,0,1,2021-08-23
"NanomedicineLab","FBMH_UoM",1,0,0,1,2021-08-23
"NanomedicineLab","FFIS_CARM",1,0,0,1,2021-08-23
"NanomedicineLab","FIOH",1,0,0,1,2021-08-23
"NanomedicineLab","Inserm_EN",1,0,0,1,2021-08-23
"NanomedicineLab","OfficialUoM",1,0,0,1,2021-08-23
"NanomedicineLab","ScienceMagazine",0,1,0,1,2021-08-23
"NanomedicineLab","UABBarcelona",1,0,0,1,2021-08-23
"NanomedicineLab","UFZ_de",1,0,0,1,2021-08-23
"NanomedicineLab","UniLeipzig",1,0,0,1,2021-08-23
"NanomedicineLab","WUR",1,0,0,1,2021-08-23
"NanomedSpain","aimplas",1,0,0,1,2021-08-23
"NanomedSpain","ClusterFPrint",1,0,0,1,2021-08-23
"NanomedSpain","fenin_es",1,0,0,1,2021-08-23
"NanomedSpain","NanomedSpain",1,0,0,1,2021-08-23
"NanomedSpain","PT3NEO",1,0,0,1,2021-08-23
"nemosineproject","aimplas",1,0,0,1,2021-08-23
"nemosineproject","nemosineproject",1,0,0,1,2021-08-23
"NormasUNE","aimplas",1,0,0,1,2021-08-23
"NormasUNE","ANAIP_es",1,0,0,1,2021-08-23
"nuevoagrodiario","aimplas",1,0,0,1,2021-08-23
"nuevoagrodiario","ainiatecnologia",1,0,0,1,2021-08-23
"Obrasurbanas","aimplas",1,0,0,1,2021-08-23
"OceanetsProject","cinea_eu",0,1,0,1,2021-08-23
"OceanetsProject","easme",1,0,0,1,2021-08-23
"OceanetsProject","GEN_Uvigo",1,0,0,1,2021-08-23
"OceanetsProject","marGnetproject",1,0,0,1,2021-08-23
"OceanetsProject","NetTagProject",1,0,0,1,2021-08-23
"OceanetsProject","rtve",1,0,0,1,2021-08-23
"OceanetsProject","vincenzo_gente",1,0,0,1,2021-08-23
"Oceanografic_vl","aimplas",1,0,0,1,2021-08-23
"Oceanografic_vl","CruzRojaEsp",1,0,0,1,2021-08-23
"OCRValencia","AIDIMME",1,0,0,1,2021-08-23
"OCRValencia","ainiatecnologia",1,0,0,1,2021-08-23
"OCRValencia","AjuntamentVLC",1,0,0,1,2021-08-23
"OCRValencia","AMITMu_Val",1,0,0,1,2021-08-23
"OCRValencia","amperexenergy",1,0,0,1,2021-08-23
"OCRValencia","AVAESEN",1,0,0,1,2021-08-23
"OCRValencia","Bego_Pe",1,0,0,1,2021-08-23
"OCRValencia","caixapopular",1,0,0,1,2021-08-23
"OCRValencia","carlosgaliana",1,0,0,1,2021-08-23
"OCRValencia","eduard_urena",1,0,0,1,2021-08-23
"OCRValencia","GVAivace",1,0,0,1,2021-08-23
"OCRValencia","ibv_org",1,0,0,1,2021-08-23
"OCRValencia","InescopTech",1,0,0,1,2021-08-23
"OCRValencia","ITC_ceramica",1,0,0,1,2021-08-23
"OCRValencia","itene",1,0,0,1,2021-08-23
"OCRValencia","itenergia",1,0,0,1,2021-08-23
"OCRValencia","ITI_TIC",1,0,0,1,2021-08-23
"OCRValencia","JMendigacha",1,0,0,1,2021-08-23
"OCRValencia","LafargeHolcimES",1,0,0,1,2021-08-23
"OCRValencia","laprimerapiedra",1,0,0,1,2021-08-23
"OCRValencia","malbors",1,0,0,1,2021-08-23
"OCRValencia","OndaCero_es",1,0,0,1,2021-08-23
"OCRValencia","socialnest_org",1,0,0,1,2021-08-23
"OCRValencia","veintiuno_music",1,0,0,1,2021-08-23
"OEPM_es","protermosolar",1,0,0,1,2021-08-23
"OEPM_es","pteco2",1,0,0,1,2021-08-23
"OEPM_es","solarconcentra",1,0,0,1,2021-08-23
"OleoRevista","GVAivace",1,0,0,1,2021-08-23
"olgainfoedita","tecnoalimen",0,1,0,1,2021-08-23
"omenendez","aimplas",1,0,0,1,2021-08-23
"omenendez","Airbus",1,0,0,1,2021-08-23
"omenendez","BASF_ES",1,0,0,1,2021-08-23
"omenendez","Cefic",1,0,0,1,2021-08-23
"omenendez","deborahciencia",1,0,0,1,2021-08-23
"omenendez","foretica",1,0,0,1,2021-08-23
"omenendez","Pascual",1,0,0,1,2021-08-23
"omenendez","PlasticsEuropES",1,0,0,1,2021-08-23
"omenendez","Repsol",1,0,0,1,2021-08-23
"omenendez","SABIC",1,0,0,1,2021-08-23
"omenendez","ternua",1,0,0,1,2021-08-23
"ondalocalemartv","aimplas",1,0,0,1,2021-08-23
"ondalocalemartv","CoopsAgroAND",1,0,0,1,2021-08-23
"ondalocalemartv","Oliplast",1,0,0,1,2021-08-23
"OpenFuture_And","AgriculturAnd",1,0,0,1,2021-08-23
"OpenFuture_And","aimplas",1,0,0,1,2021-08-23
"OpenFuture_And","Bioeconomia_And",1,0,0,1,2021-08-23
"OpenFuture_And","CTAndalucia",1,0,0,1,2021-08-23
"OpenFuture_And","DataAgriS3",1,0,0,1,2021-08-23
"OpenFuture_And","DIHAndAgrotech",1,0,0,1,2021-08-23
"OpenFuture_And","eoi",1,0,0,1,2021-08-23
"OpenFuture_And","Fertinagro",1,0,0,1,2021-08-23
"OpenFuture_And","GrupoCosentino",1,0,0,1,2021-08-23
"OpenFuture_And","IBEROSTAR",1,0,0,1,2021-08-23
"OpenFuture_And","ImpactHubMAD",1,0,0,1,2021-08-23
"ORH_RH","aimplas",1,0,0,1,2021-08-23
"ORH_RH","AsocEyC",1,0,0,1,2021-08-23
"ORH_RH","Correos",1,0,0,1,2021-08-23
"ORH_RH","EspejoPublico",1,0,0,1,2021-08-23
"ORH_RH","foroinserta",1,0,0,1,2021-08-23
"OVTT","ITI_TIC",1,0,0,1,2021-08-23
"OVTT","Packnet_",1,0,0,1,2021-08-23
"OVTTenglish","OEPM_es",1,0,0,1,2021-08-23
"pablo24200","aimplas",1,0,0,1,2021-08-23
"pablo24200","ECOTOX2",1,0,0,1,2021-08-23
"pablo24200","EstrellaDammCat",1,0,0,1,2021-08-23
"pablo24200","EstrellaDammEs",1,0,0,1,2021-08-23
"pablo24200","FBiodiversidad",1,0,0,1,2021-08-23
"pablo24200","FValenciaport",1,0,0,1,2021-08-23
"pablo24200","prendente",1,0,0,1,2021-08-23
"pablo24200","uvigo",1,0,0,1,2021-08-23
"PackagingEurope","PackEuropeEli",1,0,0,1,2021-08-23
"packcluster","3Dnatives_ES",1,0,0,1,2021-08-23
"packcluster","AEBALL_UPMBALL",1,0,0,1,2021-08-23
"packcluster","AEMAC_",1,0,0,1,2021-08-23
"packcluster","AerAutomation",1,0,0,1,2021-08-23
"packcluster","aiasasociacion",1,0,0,1,2021-08-23
"packcluster","aimplas",1,0,0,1,2021-08-23
"packcluster","ascameorg",1,0,0,1,2021-08-23
"packcluster","camarascomercio",1,0,0,1,2021-08-23
"packcluster","cambrabcn",1,0,0,1,2021-08-23
"packcluster","CEPplast",1,0,0,1,2021-08-23
"packcluster","ClusterCICAT",1,0,0,1,2021-08-23
"packcluster","eoi",1,0,0,1,2021-08-23
"packcluster","Eurecat_news",1,0,0,1,2021-08-23
"packcluster","HispaRob",1,0,0,1,2021-08-23
"packcluster","industrialesand",1,0,0,1,2021-08-23
"packcluster","innovallcluster",1,0,0,1,2021-08-23
"packcluster","mincoturgob",1,0,0,1,2021-08-23
"packcluster","PatronalCecot",1,0,0,1,2021-08-23
"packcluster","SECARTYS",1,0,0,1,2021-08-23
"Packnet_","AEMPSGOB",1,0,0,1,2021-08-23
"Packnet_","ANAIP_es",1,0,0,1,2021-08-23
"Packnet_","artsolut",1,0,0,1,2021-08-23
"Packnet_","Decernis",1,0,0,1,2021-08-23
"Packnet_","EMSUR_",1,0,0,1,2021-08-23
"Packnet_","EssentraPackES",1,0,0,1,2021-08-23
"Packnet_","Feique_ES",1,0,0,1,2021-08-23
"Packnet_","Foro_READ",1,0,0,1,2021-08-23
"Packnet_","fpffoundation",1,0,0,1,2021-08-23
"Packnet_","GVAsanitat",1,0,0,1,2021-08-23
"Packnet_","ITC_ceramica",1,0,0,1,2021-08-23
"Packnet_","itene",1,0,0,1,2021-08-23
"Packnet_","LATU_uy",1,0,0,1,2021-08-23
"Packnet_","PKF_ATTEST",1,0,0,1,2021-08-23
"Packnet_","stanpa_es",1,0,0,1,2021-08-23
"Packnet_","UV_EG",1,0,0,1,2021-08-23
"PacoDS","aimplas",1,0,0,1,2021-08-23
"parccientificuv","bioferric",1,0,0,1,2021-08-23
"parccientificuv","DarwinBioprosp",1,0,0,1,2021-08-23
"parccientificuv","FacFarmacia_UV",1,0,0,1,2021-08-23
"parccientificuv","iata_csic",1,0,0,1,2021-08-23
"parccientificuv","innotransfer",1,0,0,1,2021-08-23
"parccientificuv","UJIuniversitat",1,0,0,1,2021-08-23
"Pascual","3duardoFG",1,0,0,1,2021-08-23
"Pascual","abc_es",1,0,0,1,2021-08-23
"Pascual","aimplas",1,0,0,1,2021-08-23
"Pascual","Airbus",1,0,0,1,2021-08-23
"Pascual","BASF_ES",1,0,0,1,2021-08-23
"Pascual","Cefic",1,0,0,1,2021-08-23
"Pascual","charo_barroso",1,0,0,1,2021-08-23
"Pascual","deborahciencia",1,0,0,1,2021-08-23
"Pascual","Equiplast",1,0,0,1,2021-08-23
"Pascual","EsAirbus",1,0,0,1,2021-08-23
"Pascual","esplasticos",1,0,0,1,2021-08-23
"Pascual","Feique_ES",1,0,0,1,2021-08-23
"Pascual","foretica",1,0,0,1,2021-08-23
"Pascual","ForoQyS",1,0,0,1,2021-08-23
"Pascual","omenendez",1,0,0,1,2021-08-23
"Pascual","PlasticsEuropES",1,0,0,1,2021-08-23
"Pascual","Repsol",1,0,0,1,2021-08-23
"Pascual","SABIC",1,0,0,1,2021-08-23
"Pascual","SusChemSpain",1,0,0,1,2021-08-23
"Pascual","ternua",1,0,0,1,2021-08-23
"Pascual","TFundaciones",1,0,0,1,2021-08-23
"PCT_UCN","AIDIMME",1,0,0,1,2021-08-23
"PCT_UCN","AIJU_Tecnologi",1,0,0,1,2021-08-23
"PCT_UCN","aimplas",1,0,0,1,2021-08-23
"PCT_UCN","ainiatecnologia",1,0,0,1,2021-08-23
"PCT_UCN","GVAeconomia",1,0,0,1,2021-08-23
"PCT_UCN","ITC_ceramica",1,0,0,1,2021-08-23
"PCT_UCN","itene",1,0,0,1,2021-08-23
"PCT_UCN","itenergia",1,0,0,1,2021-08-23
"PCT_UCN","Julia_company",1,0,0,1,2021-08-23
"PCT_UCN","Rafa_Climentg",1,0,0,1,2021-08-23
"PCT_UCN","Redit_es",1,0,0,1,2021-08-23
"PCT_UCN","UCNorte",1,0,0,1,2021-08-23
"pedrojcarrillo","Agenda2030Gob",1,0,0,1,2021-08-23
"pedrojcarrillo","aimplas",1,0,0,1,2021-08-23
"pedrojcarrillo","IndustryTalksES",1,0,0,1,2021-08-23
"pedrojcarrillo","SustainableInnE",1,0,0,1,2021-08-23
"PerkinElmer","aimplas",1,0,0,1,2021-08-23
"pharmamarket","ibv_org",1,0,0,1,2021-08-23
"pharmamarket","taygclinic",1,0,0,1,2021-08-23
"pHjools","aimplas",1,0,0,1,2021-08-23
"pHjools","corifyAF",1,0,0,1,2021-08-23
"pHjools","EIT_Health_es",1,0,0,1,2021-08-23
"pHjools","Grupo_TSK",1,0,0,1,2021-08-23
"pHjools","Molecor",1,0,0,1,2021-08-23
"pHjools","PigCHAMP_Europa",1,0,0,1,2021-08-23
"pHjools","PlatinoEduca",1,0,0,1,2021-08-23
"pHjools","skrollerbelt",1,0,0,1,2021-08-23
"pickpackexpo","aimplas",1,0,0,1,2021-08-23
"PilMontana","aimplas",1,0,0,1,2021-08-23
"PilMontana","BASF_ES",1,0,0,1,2021-08-23
"PilMontana","deborahciencia",1,0,0,1,2021-08-23
"PilMontana","Repsol",1,0,0,1,2021-08-23
"PilMontana","SABIC",1,0,0,1,2021-08-23
"plastic_museum","esplasticos",1,0,0,1,2021-08-23
"PlasticFV","GVAivace",1,0,0,1,2021-08-23
"PlasticFV","industriQuimica",1,0,0,1,2021-08-23
"PlasticFV","int_quimica",1,0,0,1,2021-08-23
"PlasticFV","UPV",1,0,0,1,2021-08-23
"PlasticFV","UV_EG",1,0,0,1,2021-08-23
"Plastico_Indl","VTTFinland",1,0,0,1,2021-08-23
"plasticomty","aimplas",1,0,0,1,2021-08-23
"plasticoshita","ANAIP_es",0,1,0,1,2021-08-23
"plasticoshita","ANARPLA",1,0,0,1,2021-08-23
"plasticoshita","AvepAsociacion",1,0,0,1,2021-08-23
"plasticoshita","Cicloplast_com",1,0,0,1,2021-08-23
"plasticoshita","esplasticos",1,0,0,1,2021-08-23
"plasticoshita","plastic_museum",1,0,0,1,2021-08-23
"plasticoshita","PlasticsEurope",1,0,0,1,2021-08-23
"PlasticsEuropES","AceiteOlivalle",1,0,0,1,2021-08-23
"PlasticsEuropES","ainiatecnologia",1,0,0,1,2021-08-23
"PlasticsEuropES","SusChemSpain",1,0,0,1,2021-08-23
"PlasticsWorld","Benihort",1,0,0,1,2021-08-23
"PlasticsWorld","RecyclersEU",1,0,0,1,2021-08-23
"PlatinoEduca","aimplas",1,0,0,1,2021-08-23
"PlatinoEduca","corifyAF",1,0,0,1,2021-08-23
"PlatinoEduca","Grupo_TSK",1,0,0,1,2021-08-23
"PlatinoEduca","Molecor",1,0,0,1,2021-08-23
"PlatinoEduca","PigCHAMP_Europa",1,0,0,1,2021-08-23
"PlatinoEduca","skrollerbelt",1,0,0,1,2021-08-23
"plazaradio_","aimplas",1,0,0,1,2021-08-23
"plazaradio_","RafaLupion",1,0,0,1,2021-08-23
"PMLEnergy","aimplas",1,0,0,1,2021-08-23
"PMLEnergy","itenergia",1,0,0,1,2021-08-23
"poscosecha","Benihort",1,0,0,1,2021-08-23
"poscosecha","CSIC",1,0,0,1,2021-08-23
"poscosecha","GVAavi",1,0,0,1,2021-08-23
"poscosecha","IBMCP",1,0,0,1,2021-08-23
"poscosecha","ITC_Packaging",1,0,0,1,2021-08-23
"poscosecha","UPV",1,0,0,1,2021-08-23
"prceinos","aimplas",1,0,0,1,2021-08-23
"prceinos","BIOVAL_es",1,0,0,1,2021-08-23
"prceinos","ceei",1,0,0,1,2021-08-23
"prceinos","ceeivalencia",1,0,0,1,2021-08-23
"prceinos","emprenemjunts",1,0,0,1,2021-08-23
"prceinos","GVAeconomia",1,0,0,1,2021-08-23
"prceinos","itenergia",1,0,0,1,2021-08-23
"PRS_Europe","aimplas",1,0,0,1,2021-08-23
"PT3NEO","aitex_es",1,0,0,1,2021-08-23
"PT3NEO","CienciaGob",1,0,0,1,2021-08-23
"PT3NEO","Eurecat_news",1,0,0,1,2021-08-23
"PT3NEO","fenin_es",1,0,0,1,2021-08-23
"PT3NEO","itene",1,0,0,1,2021-08-23
"PT3NEO","Naitec_CT",1,0,0,1,2021-08-23
"PT3NEO","NanomedSpain",1,0,0,1,2021-08-23
"PT3NEO","PT3NEO",1,0,0,1,2021-08-23
"PT3NEO","tecnalia",1,0,0,1,2021-08-23
"PT3NEO","UNavarra",1,0,0,1,2021-08-23
"PT3NEO","Zabala_IC",1,0,0,1,2021-08-23
"QUIMACOVA","aimplas",1,0,0,1,2021-08-23
"QUIMACOVA","camaravalencia",1,0,0,1,2021-08-23
"QUIMACOVA","CDTIoficial",1,0,0,1,2021-08-23
"QUIMACOVA","Cleanity_es",1,0,0,1,2021-08-23
"QUIMACOVA","GVAavi",1,0,0,1,2021-08-23
"QUIMACOVA","GVAivace",1,0,0,1,2021-08-23
"QUIMACOVA","Redit_es",1,0,0,1,2021-08-23
"RachelRock2","aimplas",1,0,0,1,2021-08-23
"RachelRock2","GVAlabora",1,0,0,1,2021-08-23
"RamnBertNavarro","aimplas",1,0,0,1,2021-08-23
"RamnBertNavarro","Betelgeux_es",1,0,0,1,2021-08-23
"RamnBertNavarro","GVAavi",1,0,0,1,2021-08-23
"RamnBertNavarro","HospitalLaFe",1,0,0,1,2021-08-23
"RamnBertNavarro","ITQ_UPVCSIC",1,0,0,1,2021-08-23
"RamSG20","aimplas",1,0,0,1,2021-08-23
"RamSG20","Betelgeux_es",1,0,0,1,2021-08-23
"RamSG20","GVAavi",1,0,0,1,2021-08-23
"RamSG20","HospitalLaFe",1,0,0,1,2021-08-23
"RamSG20","ITQ_UPVCSIC",1,0,0,1,2021-08-23
"raorsamaq","aimplas",1,0,0,1,2021-08-23
"raorsamaq","Cicloplast_com",1,0,0,1,2021-08-23
"rappicupons105","aimplas",1,0,0,1,2021-08-23
"raqandu","aimplas",1,0,0,1,2021-08-23
"RececoEs","aimplas",1,0,0,1,2021-08-23
"RececoEs","esplasticos",1,0,0,1,2021-08-23
"RececoEs","IndustryTalksES",1,0,0,1,2021-08-23
"reciclajeFER","Aliciagfranco",1,0,0,1,2021-08-23
"reciclajeFER","AvepAsociacion",1,0,0,1,2021-08-23
"reciclajeFER","Cicloplast_com",1,0,0,1,2021-08-23
"RECOTRANS_H2020","AEMAC_",1,0,0,1,2021-08-23
"RECOTRANS_H2020","Arkema_group",1,0,0,1,2021-08-23
"RECOTRANS_H2020","Fraunhofer",1,0,0,1,2021-08-23
"Redit_es","3DPrinting_Des",1,0,0,1,2021-08-23
"Redit_es","Actecosl",1,0,0,1,2021-08-23
"Redit_es","Airbus",1,0,0,1,2021-08-23
"Redit_es","AMITMu_Val",1,0,0,1,2021-08-23
"Redit_es","ANAIP_es",1,0,0,1,2021-08-23
"Redit_es","AseTUB",1,0,0,1,2021-08-23
"Redit_es","asociacionruvid",1,0,0,1,2021-08-23
"Redit_es","AvepAsociacion",1,0,0,1,2021-08-23
"Redit_es","Baliht_EU",1,0,0,1,2021-08-23
"Redit_es","Bego_Pe",1,0,0,1,2021-08-23
"Redit_es","bioinicia",1,0,0,1,2021-08-23
"Redit_es","BIOnTop_Project",1,0,0,1,2021-08-23
"Redit_es","BIOVAL_es",1,0,0,1,2021-08-23
"Redit_es","Cajamar",1,0,0,1,2021-08-23
"Redit_es","CdeCarnica",1,0,0,1,2021-08-23
"Redit_es","CEPESCA",1,0,0,1,2021-08-23
"Redit_es","Cicloplast_com",1,0,0,1,2021-08-23
"Redit_es","ClusterFPrint",1,0,0,1,2021-08-23
"Redit_es","Colquimva",1,0,0,1,2021-08-23
"Redit_es","Contact_AMI",1,0,0,1,2021-08-23
"Redit_es","copecastellon",0,1,0,1,2021-08-23
"Redit_es","CORDIS_EU",1,0,0,1,2021-08-23
"Redit_es","CSICval",1,0,0,1,2021-08-23
"Redit_es","ed_cvalenciana",1,0,0,1,2021-08-23
"Redit_es","EuMarenco",1,0,0,1,2021-08-23
"Redit_es","Faurecia",1,0,0,1,2021-08-23
"Redit_es","FConexus",1,0,0,1,2021-08-23
"Redit_es","Fedit",1,0,0,1,2021-08-23
"Redit_es","fenin_es",1,0,0,1,2021-08-23
"Redit_es","Fira_Barcelona",1,0,0,1,2021-08-23
"Redit_es","Fritta_slu",1,0,0,1,2021-08-23
"Redit_es","garcia_saludes",1,0,0,1,2021-08-23
"Redit_es","GreenTurf",1,0,0,1,2021-08-23
"Redit_es","GVAddigital",1,0,0,1,2021-08-23
"Redit_es","horizonte2020",1,0,0,1,2021-08-23
"Redit_es","iberapa",1,0,0,1,2021-08-23
"Redit_es","IMDEAInstitutes",1,0,0,1,2021-08-23
"Redit_es","IzasaScientific",1,0,0,1,2021-08-23
"Redit_es","KerabenGrupo",1,0,0,1,2021-08-23
"Redit_es","LaFabricaDRadio",1,0,0,1,2021-08-23
"Redit_es","LafargeHolcimES",1,0,0,1,2021-08-23
"Redit_es","laprimerapiedra",1,0,0,1,2021-08-23
"Redit_es","levante_emv",1,0,0,1,2021-08-23
"Redit_es","NanomedSpain",1,0,0,1,2021-08-23
"Redit_es","Nestle_es",1,0,0,1,2021-08-23
"Redit_es","OceanetsProject",1,0,0,1,2021-08-23
"Redit_es","PacoCremades",1,0,0,1,2021-08-23
"Redit_es","Porcelanosa_es",1,0,0,1,2021-08-23
"Redit_es","prolabintefarm",1,0,0,1,2021-08-23
"Redit_es","PT3NEO",1,0,0,1,2021-08-23
"Redit_es","PTEPA1",1,0,0,1,2021-08-23
"Redit_es","ptprotecma",1,0,0,1,2021-08-23
"Redit_es","realturfoficial",1,0,0,1,2021-08-23
"Redit_es","ReciclaliaC",1,0,0,1,2021-08-23
"Redit_es","RecyclersEU",1,0,0,1,2021-08-23
"Redit_es","ReportsMarkets",1,0,0,1,2021-08-23
"Redit_es","RevistaRETEMA",1,0,0,1,2021-08-23
"Redit_es","seimedcv",1,0,0,1,2021-08-23
"Redit_es","sofitec_",1,0,0,1,2021-08-23
"Redit_es","Startup_VLC",1,0,0,1,2021-08-23
"Redit_es","tecnoalimen",1,0,0,1,2021-08-23
"Redit_es","UV_EG",1,0,0,1,2021-08-23
"REGEMAT3D","aimplas",1,0,0,1,2021-08-23
"Regmurcialimpia","ACCIONA",1,0,0,1,2021-08-23
"Regmurcialimpia","AerzenIberica",1,0,0,1,2021-08-23
"Regmurcialimpia","AlmarWater",1,0,0,1,2021-08-23
"Regmurcialimpia","AmbientalRM",1,0,0,1,2021-08-23
"Regmurcialimpia","ambienteeuropeo",0,1,0,1,2021-08-23
"Regmurcialimpia","asegre01",1,0,0,1,2021-08-23
"Regmurcialimpia","ASEMUPLAST",1,0,0,1,2021-08-23
"Regmurcialimpia","BASF_ES",1,0,0,1,2021-08-23
"Regmurcialimpia","CarmenFructuos4",1,0,0,1,2021-08-23
"Regmurcialimpia","CETAQUA",1,0,0,1,2021-08-23
"Regmurcialimpia","FCC_MA",1,0,0,1,2021-08-23
"Regmurcialimpia","FidelLopezSoria",1,0,0,1,2021-08-23
"Regmurcialimpia","gremirecupera",1,0,0,1,2021-08-23
"Regmurcialimpia","picvisa",1,0,0,1,2021-08-23
"Regmurcialimpia","recyclia",1,0,0,1,2021-08-23
"Regmurcialimpia","Repsol",1,0,0,1,2021-08-23
"Regmurcialimpia","SogamaXunta",1,0,0,1,2021-08-23
"Regmurcialimpia","SostenEconomica",1,0,0,1,2021-08-23
"Regmurcialimpia","suezES",1,0,0,1,2021-08-23
"Regmurcialimpia","TOMRARecycling",1,0,0,1,2021-08-23
"Regmurcialimpia","VeoliaWaterTech",1,0,0,1,2021-08-23
"REMADYL_EU","Circ_Flooring",1,0,0,1,2021-08-23
"REMADYL_EU","ENCOsrl",1,0,0,1,2021-08-23
"REMADYL_EU","EU_Commission",1,0,0,1,2021-08-23
"REMADYL_EU","EU_ecoinno",1,0,0,1,2021-08-23
"REMADYL_EU","EU_H2020",1,0,0,1,2021-08-23
"REMADYL_EU","FraunhoferICT",1,0,0,1,2021-08-23
"REMADYL_EU","ICMol_UV",1,0,0,1,2021-08-23
"REMADYL_EU","NanoMatFraunho1",1,0,0,1,2021-08-23
"REMADYL_EU","OVAM_Ecodesign",1,0,0,1,2021-08-23
"REMADYL_EU","project_react",1,0,0,1,2021-08-23
"REMADYL_EU","Promolding",1,0,0,1,2021-08-23
"REMADYL_EU","Vertech_Group",1,0,0,1,2021-08-23
"RepetCoinnova","esplasticos",1,0,0,1,2021-08-23
"residuorecurso","aimplas",1,0,0,1,2021-08-23
"ResiduosPro","AIDIMME",1,0,0,1,2021-08-23
"ResiduosPro","Cicloplast_com",1,0,0,1,2021-08-23
"ResiduosPro","GVAivace",1,0,0,1,2021-08-23
"ResiduosPro","InescopTech",1,0,0,1,2021-08-23
"ResiduosPro","ITC_ceramica",1,0,0,1,2021-08-23
"ResiduosPro","UV_EG",1,0,0,1,2021-08-23
"reverdeconcausa","aimplas",1,0,0,1,2021-08-23
"reverdeconcausa","canalsur",1,0,0,1,2021-08-23
"reverdeconcausa","ensgismau",1,0,0,1,2021-08-23
"reverdeconcausa","manavas21",1,0,0,1,2021-08-23
"reverdeconcausa","vir_montero",1,0,0,1,2021-08-23
"revista_PQ","BactiBlock",1,0,0,1,2021-08-23
"revista_PQ","ENAC_acredita",1,0,0,1,2021-08-23
"revista_PQ","Microban",1,0,0,1,2021-08-23
"revista_PQ","pharmamarket",1,0,0,1,2021-08-23
"revistaide","ainiatecnologia",1,0,0,1,2021-08-23
"revistaide","ANAIP_es",1,0,0,1,2021-08-23
"revistaide","ANARPLA",1,0,0,1,2021-08-23
"revistaide","AvepAsociacion",1,0,0,1,2021-08-23
"revistaide","PlasticsEuropES",1,0,0,1,2021-08-23
"revistaimcb","aimplas",1,0,0,1,2021-08-23
"revistaimcb","itenergia",1,0,0,1,2021-08-23
"RevistaMercados","AECOC_ES",1,0,0,1,2021-08-23
"RevistaMercados","alcampo",1,0,0,1,2021-08-23
"RevistaMercados","AvepAsociacion",1,0,0,1,2021-08-23
"RevistaMercados","Cicloplast_com",1,0,0,1,2021-08-23
"RevistaMercados","COEXPAN_",1,0,0,1,2021-08-23
"RevistaMercados","danone_es",1,0,0,1,2021-08-23
"RevistaMercados","PlasticsEuropES",1,0,0,1,2021-08-23
"RevistaOlimerca","aimplas",1,0,0,1,2021-08-23
"RevistaRETEMA","AIDIMME",1,0,0,1,2021-08-23
"RevistaRETEMA","ainiatecnologia",1,0,0,1,2021-08-23
"RevistaRETEMA","ANAIP_es",1,0,0,1,2021-08-23
"RevistaRETEMA","AvepAsociacion",1,0,0,1,2021-08-23
"RevistaRETEMA","CIDETEC_",1,0,0,1,2021-08-23
"RevistaRETEMA","itenergia",1,0,0,1,2021-08-23
"RevistaRETEMA","PlasticsEuropES",1,0,0,1,2021-08-23
"RevistaRETEMA","TOMRARecycling",1,0,0,1,2021-08-23
"RevistaRETEMA","UV_EG",1,0,0,1,2021-08-23
"rosamontesa","aimplas",1,0,0,1,2021-08-23
"rotoatlantica","aimplas",1,0,0,1,2021-08-23
"rotoatlantica","GVAivace",1,0,0,1,2021-08-23
"RPM_Plasticos","ANARPLA",1,0,0,1,2021-08-23
"RPM_Plasticos","BASF",1,0,0,1,2021-08-23
"RPM_Plasticos","Cicloplast_com",1,0,0,1,2021-08-23
"RPM_Plasticos","Colquimva",1,0,0,1,2021-08-23
"RPM_Plasticos","ITC_ceramica",1,0,0,1,2021-08-23
"RPM_Plasticos","PlasticsEurope",1,0,0,1,2021-08-23
"RPM_Plasticos","Repsol",1,0,0,1,2021-08-23
"RPM_Plasticos","SABIC",1,0,0,1,2021-08-23
"rrecycling","aimplas",1,0,0,1,2021-08-23
"RSM_es","agrodhuelva",1,0,0,1,2021-08-23
"RSM_es","Alimarket",1,0,0,1,2021-08-23
"RSM_es","Tecnobebidas",1,0,0,1,2021-08-23
"RTVEValencia","AdrianaPrados",1,0,0,1,2021-08-23
"RTVEValencia","aimplas",1,0,0,1,2021-08-23
"RTVEValencia","GVAinnova",1,0,0,1,2021-08-23
"ruralpedia","AceiteOlivalle",1,0,0,1,2021-08-23
"ruralpedia","aimplas",1,0,0,1,2021-08-23
"SagredoMarco","DarwinBioprosp",1,0,0,1,2021-08-23
"SagredoMarco","InescopTech",1,0,0,1,2021-08-23
"SagredoMarco","ITC_ceramica",1,0,0,1,2021-08-23
"SagredoMarco","SagredoMarco",0,0,1,1,2021-08-23
"saludes_play","aimplas",1,0,0,1,2021-08-23
"saludes_play","GVAivace",1,0,0,1,2021-08-23
"saludes_play","itenergia",1,0,0,1,2021-08-23
"Santa_Teresa","aimplas",1,0,0,1,2021-08-23
"Santa_Teresa","FGULEM",1,0,0,1,2021-08-23
"Santa_Teresa","fgusal",1,0,0,1,2021-08-23
"Santa_Teresa","Fundacion_CTME",1,0,0,1,2021-08-23
"Santa_Teresa","FundacionUBU",1,0,0,1,2021-08-23
"Santa_Teresa","fungeuva",1,0,0,1,2021-08-23
"Santa_Teresa","Santa_Teresa",1,0,0,1,2021-08-23
"sapiensenergia","aimplas",1,0,0,1,2021-08-23
"sapiensenergia","GVAivace",1,0,0,1,2021-08-23
"sapiensenergia","itenergia",1,0,0,1,2021-08-23
"segacases","aimplas",1,0,0,1,2021-08-23
"segacases","AvepAsociacion",1,0,0,1,2021-08-23
"segacases","GrupoGPS_sefh",1,0,0,1,2021-08-23
"segacases","micofvlc",1,0,0,1,2021-08-23
"seimedcv","aimplas",1,0,0,1,2021-08-23
"seimedcv","CentrosCex",0,1,0,1,2021-08-23
"seimedcv","GVAivace",1,0,0,1,2021-08-23
"seimedcv","Redit_es",1,0,0,1,2021-08-23
"SemanaRSC","aimplas",1,0,0,1,2021-08-23
"SemanaRSC","Apambu_",1,0,0,1,2021-08-23
"SemanaRSC","AsisaSalud",1,0,0,1,2021-08-23
"SemanaRSC","BSABadalona",1,0,0,1,2021-08-23
"SemanaRSC","crearsa",1,0,0,1,2021-08-23
"SemanaRSC","Desconnexions",1,0,0,1,2021-08-23
"SemanaRSC","Expok",1,0,0,1,2021-08-23
"SemanaRSC","FELGTB",1,0,0,1,2021-08-23
"SemanaRSC","gngroup",1,0,0,1,2021-08-23
"SemanaRSC","hiltondiagonal",1,0,0,1,2021-08-23
"SemanaRSC","KLM_ES",1,0,0,1,2021-08-23
"SemanaRSC","LaCalaixera",1,0,0,1,2021-08-23
"SemanaRSC","omplim",1,0,0,1,2021-08-23
"SemanaRSC","tossalloficial",1,0,0,1,2021-08-23
"silviaavilesg","AdvanFactories",1,0,0,1,2021-08-23
"silviaavilesg","AEMAC_",1,0,0,1,2021-08-23
"silviaavilesg","Airbus",1,0,0,1,2021-08-23
"silviaavilesg","ANAIP_es",1,0,0,1,2021-08-23
"silviaavilesg","CDTIoficial",1,0,0,1,2021-08-23
"silviaavilesg","DANOBATGROUP",1,0,0,1,2021-08-23
"silviaavilesg","Redit_es",1,0,0,1,2021-08-23
"silviaavilesg","TalgoGroup",1,0,0,1,2021-08-23
"silviaavilesg","UdGPolitecnica",1,0,0,1,2021-08-23
"skrollerbelt","aimplas",1,0,0,1,2021-08-23
"skrollerbelt","corifyAF",1,0,0,1,2021-08-23
"skrollerbelt","Grupo_TSK",1,0,0,1,2021-08-23
"skrollerbelt","Molecor",1,0,0,1,2021-08-23
"skrollerbelt","PigCHAMP_Europa",1,0,0,1,2021-08-23
"skrollerbelt","PlatinoEduca",1,0,0,1,2021-08-23
"SoniaHe49592177","aimplas",1,0,0,1,2021-08-23
"SoniaHe49592177","Betelgeux_es",1,0,0,1,2021-08-23
"SoniaHe49592177","GVAavi",1,0,0,1,2021-08-23
"SoniaHe49592177","HospitalLaFe",1,0,0,1,2021-08-23
"SoniaHe49592177","ITQ_UPVCSIC",1,0,0,1,2021-08-23
"SpainBiz_Japan","aimplas",1,0,0,1,2021-08-23
"SpainBiz_Japan","BlueplasmaPower",1,0,0,1,2021-08-23
"SphereSpain","aimplas",1,0,0,1,2021-08-23
"SphereSpain","ANAIP_es",1,0,0,1,2021-08-23
"SphereSpain","esplasticos",1,0,0,1,2021-08-23
"ssuchy_eu","aimplas",1,0,0,1,2021-08-23
"ssuchy_eu","cleansky_ju",1,0,0,1,2021-08-23
"ssuchy_eu","JECComposites",0,1,0,1,2021-08-23
"ssuchy_eu","TNO_Research",1,0,0,1,2021-08-23
"Startup_VLC","aganovagrupo",1,0,0,1,2021-08-23
"Startup_VLC","aimplas",1,0,0,1,2021-08-23
"Startup_VLC","angelramire",1,0,0,1,2021-08-23
"Startup_VLC","EosOrbital",1,0,0,1,2021-08-23
"Startup_VLC","GlobalOmnium",1,0,0,1,2021-08-23
"Startup_VLC","GoHubTech",1,0,0,1,2021-08-23
"Startup_VLC","JuanPeaIbaez2",1,0,0,1,2021-08-23
"Startup_VLC","LinkenerSpain",1,0,0,1,2021-08-23
"Startup_VLC","pepesiega",1,0,0,1,2021-08-23
"SusanaPBadal","aimplas",1,0,0,1,2021-08-23
"SusanaPBadal","GVAavi",1,0,0,1,2021-08-23
"SusanaPBadal","ITC_Packaging",1,0,0,1,2021-08-23
"SusanaPBadal","marsanpa",1,0,0,1,2021-08-23
"SusChemSpain","Airbus",1,0,0,1,2021-08-23
"SusChemSpain","Cefic",1,0,0,1,2021-08-23
"SusChemSpain","foretica",1,0,0,1,2021-08-23
"SusChemSpain","omenendez",1,0,0,1,2021-08-23
"SusChemSpain","Pascual",1,0,0,1,2021-08-23
"SusChemSpain","SusChemSpain",1,0,0,1,2021-08-23
"SusChemSpain","ternua",1,0,0,1,2021-08-23
"SUST4IN","aimplas",1,0,0,1,2021-08-23
"SUST4IN","FuturEnviro",1,0,0,1,2021-08-23
"SustainPlastics","kpGroup_",1,0,0,1,2021-08-23
"tabitbilisim","aimplas",1,0,0,1,2021-08-23
"tabitbilisim","azmud",1,0,0,1,2021-08-23
"tabitbilisim","idainature",1,0,0,1,2021-08-23
"tabitbilisim","prima",1,0,0,1,2021-08-23
"talk2much12","accio_cat",1,0,0,1,2021-08-23
"talk2much12","aimplas",1,0,0,1,2021-08-23
"talk2much12","AristosInfo",1,0,0,1,2021-08-23
"talk2much12","biocat_cat",1,0,0,1,2021-08-23
"talk2much12","CDTIoficial",1,0,0,1,2021-08-23
"talk2much12","eencat",1,0,0,1,2021-08-23
"talk2much12","Eurecat_news",1,0,0,1,2021-08-23
"talk2much12","horizonexperts",1,0,0,1,2021-08-23
"talk2much12","IreneLarroy",1,0,0,1,2021-08-23
"talk2much12","JCGarcia_CDTI",1,0,0,1,2021-08-23
"talk2much12","jordipietx",1,0,0,1,2021-08-23
"talk2much12","RosaAriasAlv",1,0,0,1,2021-08-23
"talk2much12","scibus",1,0,0,1,2021-08-23
"talk2much12","SorosGabinete",1,0,0,1,2021-08-23
"talk2much12","Wendy_Moreno_EU",1,0,0,1,2021-08-23
"tecnalia","AgEInves",1,0,0,1,2021-08-23
"tecnalia","aimplas",1,0,0,1,2021-08-23
"tecnalia","FunditecOrg",1,0,0,1,2021-08-23
"tecnalia","incarCSIC",1,0,0,1,2021-08-23
"tecnalia","tecnalia",1,0,0,1,2021-08-23
"tecnalia","ualmeria",1,0,0,1,2021-08-23
"Tecnifood","ainiatecnologia",1,0,0,1,2021-08-23
"Tecnifood","ANAIP_es",1,0,0,1,2021-08-23
"Tecnifood","Cicloplast_com",1,0,0,1,2021-08-23
"Tecnifood","danone_es",1,0,0,1,2021-08-23
"Tecnifood","esplasticos",1,0,0,1,2021-08-23
"Tecnifood","faerchgroup",1,0,0,1,2021-08-23
"Tecnifood","GVAivace",1,0,0,1,2021-08-23
"Tecnifood","ITI_TIC",1,0,0,1,2021-08-23
"Tecnifood","Nestle_es",1,0,0,1,2021-08-23
"Tecnifood","Penn",1,0,0,1,2021-08-23
"Tecnifood","PlasticsEuropES",1,0,0,1,2021-08-23
"Tecnifood","UNALOficial",1,0,0,1,2021-08-23
"tecnoaqua","aimplas",1,0,0,1,2021-08-23
"tecnopackaging","aacudam",1,0,0,1,2021-08-23
"tecnopackaging","AgroBioCluster",1,0,0,1,2021-08-23
"tecnopackaging","aimplas",1,0,0,1,2021-08-23
"tecnopackaging","CIDETEC_",1,0,0,1,2021-08-23
"tecnopackaging","FarrellyMitchel",1,0,0,1,2021-08-23
"tecnopackaging","GenHydro",1,0,0,1,2021-08-23
"tecnopackaging","GreenovateEU",1,0,0,1,2021-08-23
"tecnopackaging","mi_sustainable",1,0,0,1,2021-08-23
"tecnopackaging","RISEProcessum",1,0,0,1,2021-08-23
"tecnopackaging","tecnopackaging",0,0,1,1,2021-08-23
"TeknikerOficial","20m",1,0,0,1,2021-08-23
"TeknikerOficial","aimplas",1,0,0,1,2021-08-23
"ter4bithi4","BASF_ES",1,0,0,1,2021-08-23
"ter4bithi4","CDTIoficial",1,0,0,1,2021-08-23
"ter4bithi4","Cefic",1,0,0,1,2021-08-23
"ter4bithi4","deborahciencia",1,0,0,1,2021-08-23
"ter4bithi4","EsAirbus",1,0,0,1,2021-08-23
"ter4bithi4","EsHorizonte2020",1,0,0,1,2021-08-23
"ter4bithi4","Feique_ES",1,0,0,1,2021-08-23
"ter4bithi4","foretica",1,0,0,1,2021-08-23
"ter4bithi4","omenendez",1,0,0,1,2021-08-23
"ter4bithi4","Pascual",1,0,0,1,2021-08-23
"ter4bithi4","Repsol",1,0,0,1,2021-08-23
"ter4bithi4","SABIC",1,0,0,1,2021-08-23
"ter4bithi4","SusChemSpain",1,0,0,1,2021-08-23
"ter4bithi4","ter4bithi4",0,0,1,1,2021-08-23
"ter4bithi4","ternua",1,0,0,1,2021-08-23
"terenet","aimplas",1,0,0,1,2021-08-23
"terenet","artsolut",1,0,0,1,2021-08-23
"terenet","dipMurcia",1,0,0,1,2021-08-23
"terenet","EssentraPackES",1,0,0,1,2021-08-23
"terenet","Foro_READ",1,0,0,1,2021-08-23
"terenet","itene",1,0,0,1,2021-08-23
"TeximInfo","addimat",1,0,0,1,2021-08-23
"TeximInfo","AvepAsociacion",1,0,0,1,2021-08-23
"TeximInfo","ibv_org",1,0,0,1,2021-08-23
"TeximInfo","TechExcelencia",1,0,0,1,2021-08-23
"TheCircularLab","aimplas",1,0,0,1,2021-08-23
"TheCircularLab","ecoticiasRED",1,0,0,1,2021-08-23
"TheCircularLab","GVAivace",1,0,0,1,2021-08-23
"TifasGalicia","aimplas",1,0,0,1,2021-08-23
"TifasGalicia","GVAivace",1,0,0,1,2021-08-23
"Titania_aero","aimplas",1,0,0,1,2021-08-23
"Titania_aero","CTengineers",1,0,0,1,2021-08-23
"Titania_aero","Inespasa_",1,0,0,1,2021-08-23
"TRAKTECH_","ANAIP_es",1,0,0,1,2021-08-23
"TRAKTECH_","ANARPLA",1,0,0,1,2021-08-23
"TRAKTECH_","Cicloplast_com",1,0,0,1,2021-08-23
"TRAKTECH_","expoquimia",1,0,0,1,2021-08-23
"TRAKTECH_","gremirecupera",1,0,0,1,2021-08-23
"TRAKTECH_","LAB_Ecoinnova",1,0,0,1,2021-08-23
"TRAKTECH_","PlasticsEurope",1,0,0,1,2021-08-23
"TRAKTECH_","Suruscircular",1,0,0,1,2021-08-23
"ucvalencia","AIDIMME",1,0,0,1,2021-08-23
"ucvalencia","AIJU_Tecnologi",1,0,0,1,2021-08-23
"ucvalencia","aimplas",1,0,0,1,2021-08-23
"ucvalencia","ainiatecnologia",1,0,0,1,2021-08-23
"ucvalencia","aitex_es",1,0,0,1,2021-08-23
"ucvalencia","ibv_org",1,0,0,1,2021-08-23
"ucvalencia","InescopTech",1,0,0,1,2021-08-23
"ucvalencia","ITC_ceramica",1,0,0,1,2021-08-23
"ucvalencia","itene",1,0,0,1,2021-08-23
"ucvalencia","itenergia",1,0,0,1,2021-08-23
"ucvalencia","ITI_TIC",1,0,0,1,2021-08-23
"UniElectrica","aimplas",1,0,0,1,2021-08-23
"UNLOCK_BBI","aacudam",1,0,0,1,2021-08-23
"UNLOCK_BBI","AgroBioCluster",1,0,0,1,2021-08-23
"UNLOCK_BBI","aimplas",1,0,0,1,2021-08-23
"UNLOCK_BBI","CIDETEC_",1,0,0,1,2021-08-23
"UNLOCK_BBI","FarrellyMitchel",1,0,0,1,2021-08-23
"UNLOCK_BBI","GenHydro",1,0,0,1,2021-08-23
"UNLOCK_BBI","GreenovateEU",1,0,0,1,2021-08-23
"UNLOCK_BBI","mi_sustainable",1,0,0,1,2021-08-23
"UNLOCK_BBI","RISEProcessum",1,0,0,1,2021-08-23
"UNLOCK_BBI","tecnopackaging",1,0,0,1,2021-08-23
"UNLOCK_BBI","unlock",1,0,0,1,2021-08-23
"UPLIFT_EU","CristianoVarro2",1,0,0,1,2021-08-23
"UPLIFT_EU","EU_H2020",1,0,0,1,2021-08-23
"UPLIFT_EU","EU_HaDEA",1,0,0,1,2021-08-23
"UPLIFT_EU","fpffoundation",1,0,0,1,2021-08-23
"UPLIFT_EU","H2020GreenDeal",1,0,0,1,2021-08-23
"UPLIFT_EU","preserve_h2020",1,0,0,1,2021-08-23
"UprofesValencia","aimplas",1,0,0,1,2021-08-23
"UprofesValencia","Colquimva",1,0,0,1,2021-08-23
"valenciactiva_","aimplas",1,0,0,1,2021-08-23
"valenciactiva_","valenciactiva_",0,0,1,1,2021-08-23
"VAtradu","aimplas",1,0,0,1,2021-08-23
"Vermican","aimplas",1,0,0,1,2021-08-23
"Vermican","Benihort",1,0,0,1,2021-08-23
"Vermican","IBMCP",1,0,0,1,2021-08-23
"Vertidos_Cero","EstrellaDammCat",1,0,0,1,2021-08-23
"Vertidos_Cero","EstrellaDammEs",1,0,0,1,2021-08-23
"Vertidos_Cero","EU_MARE",0,1,0,1,2021-08-23
"Vertidos_Cero","MasMineria",1,0,0,1,2021-08-23
"Vertidos_Cero","prendente",1,0,0,1,2021-08-23
"Vertidos_Cero","rtve",1,0,0,1,2021-08-23
"VicenteAbella","aimplas",1,0,0,1,2021-08-23
"VicenteAbella","VAtradu",1,0,0,1,2021-08-23
"vincenzo_gente","EU_EASME",1,0,0,1,2021-08-23
"vincenzo_gente","EU_MARE",1,0,0,1,2021-08-23
"vincenzo_gente","OceanetsProject",1,0,0,1,2021-08-23
"VirtualWalcon","aimplas",1,0,0,1,2021-08-23
"VirtualWalcon","Cicloplast_com",1,0,0,1,2021-08-23
"VirtualWalcon","VirtualWalcon",1,0,0,1,2021-08-23
"VLCTechCity","AIDIMME",1,0,0,1,2021-08-23
"VLCTechCity","aimplas",1,0,0,1,2021-08-23
"VLCTechCity","GVAivace",1,0,0,1,2021-08-23
"VLCTechCity","InescopTech",1,0,0,1,2021-08-23
"VLCTechCity","levante_emv",1,0,0,1,2021-08-23
"WaystupH2020","ETAM_SA",1,0,0,1,2021-08-23
"WaystupH2020","TerraiXufaRSSFA",1,0,0,1,2021-08-23
"WriterAlejandro","aimplas",1,0,0,1,2021-08-23
"WriterAlejandro","BBI2020",1,0,0,1,2021-08-23
"WriterAlejandro","biconsortium",1,0,0,1,2021-08-23
"WriterAlejandro","BioVale_Cluster",1,0,0,1,2021-08-23
"WriterAlejandro","BPF_pilotplant",1,0,0,1,2021-08-23
"WriterAlejandro","coopagrariesCAT",1,0,0,1,2021-08-23
"WriterAlejandro","EU_H2020",1,0,0,1,2021-08-23
"WriterAlejandro","InnoconsultLc",1,0,0,1,2021-08-23
"WriterAlejandro","iris_rd",1,0,0,1,2021-08-23
"WriterAlejandro","irtacat",1,0,0,1,2021-08-23
"WriterAlejandro","mogumycelium",1,0,0,1,2021-08-23
"WriterAlejandro","ualmeria",1,0,0,1,2021-08-23
"WriterAlejandro","UniboMagazine",1,0,0,1,2021-08-23
"yudani_yudani","aimplas",1,0,0,1,2021-08-23
"yudani_yudani","ArviInnovapesca",1,0,0,1,2021-08-23
"yudani_yudani","CEPESCA",1,0,0,1,2021-08-23
"yudani_yudani","JJChicolino",1,0,0,1,2021-08-23
"yudani_yudani","MarineInstrumen",1,0,0,1,2021-08-23
"yudani_yudani","mitecogob",1,0,0,1,2021-08-23
"yudani_yudani","PTEPA1",1,0,0,1,2021-08-23
"yudani_yudani","ptprotecma",1,0,0,1,2021-08-23
"yudani_yudani","PuertoDeVigo",1,0,0,1,2021-08-23
"zicla_eus","aimplas",1,0,0,1,2021-08-23
"zicla_eus","InescopTech",1,0,0,1,2021-08-23
"zicla_eus","RevistaRETEMA",1,0,0,1,2021-08-23
"zoomtvcordoba","AceiteOlivalle",1,0,0,1,2021-08-23
"zoomtvcordoba","aimplas",1,0,0,1,2021-08-23
