"source","destinations","mention","quote","reply","weight","DateUpdate"
"Redit_es","aimplas",490,2,3,495,2022-06-28
"Redit_es","ainiatecnologia",292,1,0,293,2022-06-28
"Redit_es","ITC_ceramica",280,0,2,282,2022-06-28
"Redit_es","ITI_TIC",279,0,0,279,2022-06-28
"TeximInfo","aimplas",140,0,139,279,2022-06-28
"Redit_es","AIDIMME",268,0,0,268,2022-06-28
"Redit_es","aitex_es",259,0,0,259,2022-06-28
"Redit_es","itenergia",249,0,0,249,2022-06-28
"Redit_es","AIJU_Tecnologi",243,0,0,243,2022-06-28
"Redit_es","InescopTech",240,0,0,240,2022-06-28
"Redit_es","ibv_org",235,0,0,235,2022-06-28
"Redit_es","itene",233,0,0,233,2022-06-28
"Redit_es","Redit_es",164,0,2,166,2022-06-28
"izarotech","aimplas",94,0,45,139,2022-06-28
"FuturEnviro","aimplas",107,0,0,107,2022-06-28
"ForoQyS","aimplas",58,0,37,95,2022-06-28
"RevistaRETEMA","aimplas",95,0,0,95,2022-06-28
"Mundoplast","aimplas",87,0,7,94,2022-06-28
"Packnet_","aimplas",62,8,17,87,2022-06-28
"UPLIFT_EU","aimplas",73,0,0,73,2022-06-28
"UPLIFT_EU","UPLIFT_EU",5,0,65,70,2022-06-28
"UPLIFT_EU","Bioplastech",65,0,0,65,2022-06-28
"UPLIFT_EU","DTUtweet",65,0,0,65,2022-06-28
"UPLIFT_EU","fz_juelich",65,0,0,65,2022-06-28
"UPLIFT_EU","LeibnizHKI",65,0,0,65,2022-06-28
"UPLIFT_EU","Lundsuni",65,0,0,65,2022-06-28
"UPLIFT_EU","mi_sustainable",65,0,0,65,2022-06-28
"UPLIFT_EU","RWTH",65,0,0,65,2022-06-28
"UPLIFT_EU","SustainableInnE",65,0,0,65,2022-06-28
"UPLIFT_EU","TECNARO_GmbH",65,0,0,65,2022-06-28
"UPLIFT_EU","ucdgaeltacht",65,0,0,65,2022-06-28
"UPLIFT_EU","Vestforbranding",65,0,0,65,2022-06-28
"UPLIFT_EU","es_aau",63,0,0,63,2022-06-28
"aimplas","aimplas",51,0,8,59,2022-06-28
"ainiatecnologia","aimplas",59,0,0,59,2022-06-28
"Redit_es","GVAivace",57,0,2,59,2022-06-28
"UPLIFT_EU","europatweets",59,0,0,59,2022-06-28
"Redit_es","GVAavi",58,0,0,58,2022-06-28
"UPLIFT_EU","EU_Commission",54,0,0,54,2022-06-28
"RPM_Plasticos","aimplas",51,0,2,53,2022-06-28
"Redit_es","GVAinnova",50,0,0,50,2022-06-28
"AEMAC_","aimplas",45,0,2,47,2022-06-28
"Equiplast","aimplas",47,0,0,47,2022-06-28
"GVAavi","aimplas",41,0,0,41,2022-06-28
"revistaide","aimplas",34,0,7,41,2022-06-28
"expoquimia","aimplas",40,0,0,40,2022-06-28
"EPPM_Magazine","aimplas",36,0,0,36,2022-06-28
"i_plastico","aimplas",36,0,0,36,2022-06-28
"PlasticsEuropES","aimplas",34,2,0,36,2022-06-28
"CentrosCex","aimplas",23,0,12,35,2022-06-28
"veredictas","CEPplast",33,0,1,34,2022-06-28
"FuturEnviro","FuturEnviro",29,1,3,33,2022-06-28
"Tecnifood","aimplas",32,0,1,33,2022-06-28
"veredictas","aimplas",33,0,0,33,2022-06-28
"veredictas","ANARPLA",33,0,0,33,2022-06-28
"veredictas","elpublicistacom",33,0,0,33,2022-06-28
"veredictas","Envaspres",33,0,0,33,2022-06-28
"veredictas","IPMARK",33,0,0,33,2022-06-28
"veredictas","itene",33,0,0,33,2022-06-28
"veredictas","RevistaInfopack",33,0,0,33,2022-06-28
"fruittoday","aimplas",32,0,0,32,2022-06-28
"veredictas","ClubMktBcn",32,0,0,32,2022-06-28
"veredictas","Digicomexpo",32,0,0,32,2022-06-28
"veredictas","Tecnifood",31,0,0,31,2022-06-28
"veredictas","revistaide",30,0,0,30,2022-06-28
"UPLIFT_EU","t_uppe",29,0,0,29,2022-06-28
"ANAIP_es","aimplas",27,0,1,28,2022-06-28
"davidorreta","aimplas",28,0,0,28,2022-06-28
"davidorreta","ResiduosPro",26,0,0,26,2022-06-28
"PlasticFV","aimplas",21,0,4,25,2022-06-28
"SustainPlastics","aimplas",25,0,0,25,2022-06-28
"Fedit","aimplas",17,4,3,24,2022-06-28
"pharmamarket","aimplas",24,0,0,24,2022-06-28
"ambientplastico","aimplas",21,0,2,23,2022-06-28
"ait_research","aimplas",21,0,1,22,2022-06-28
"AvepAsociacion","aimplas",21,1,0,22,2022-06-28
"emprenemjunts","aimplas",22,0,0,22,2022-06-28
"Novamont_Iberia","aimplas",21,1,0,22,2022-06-28
"expoquimia","accio_cat",21,0,0,21,2022-06-28
"Alvaro_Eslu","aimplas",17,0,3,20,2022-06-28
"eurocarne","aimplas",16,0,4,20,2022-06-28
"expoquimia","IREC_Energia",20,0,0,20,2022-06-28
"ResiduosPro","aimplas",20,0,0,20,2022-06-28
"BIOVAL_es","aimplas",18,0,1,19,2022-06-28
"fruittoday","ainiatecnologia",19,0,0,19,2022-06-28
"int_quimica","aimplas",17,0,0,17,2022-06-28
"PlasticsWorld","aimplas",16,0,1,17,2022-06-28
"Regmurcialimpia","aimplas",15,0,2,17,2022-06-28
"Hispackbcn","aimplas",16,0,0,16,2022-06-28
"ITC_ceramica","aimplas",16,0,0,16,2022-06-28
"Rest_colectiva","aimplas",16,0,0,16,2022-06-28
"Vertidos_Cero","aimplas",15,1,0,16,2022-06-28
"AEMAC_","FIDAMC_",15,0,0,15,2022-06-28
"ceeivalencia","aimplas",15,0,0,15,2022-06-28
"Novamont_Iberia","Novamont_Iberia",5,0,10,15,2022-06-28
"aec_es","aimplas",13,1,0,14,2022-06-28
"AgroNewsCV","aimplas",14,0,0,14,2022-06-28
"ait_research","BioICEP_IMGGE",13,1,0,14,2022-06-28
"Cicloplast_com","aimplas",13,1,0,14,2022-06-28
"Eurosurfas","aimplas",14,0,0,14,2022-06-28
"itenergia","GVAivace",14,0,0,14,2022-06-28
"news_packaging","aimplas",8,0,6,14,2022-06-28
"Packnet_","ainiatecnologia",12,2,0,14,2022-06-28
"UPLIFT_EU","EU_HaDEA",14,0,0,14,2022-06-28
"Vertidos_Cero","Vertidos_Cero",11,0,3,14,2022-06-28
"CdeCarnica","aimplas",12,0,1,13,2022-06-28
"esplasticos","aimplas",13,0,0,13,2022-06-28
"itenergia","aimplas",13,0,0,13,2022-06-28
"OceanetsProject","aimplas",12,1,0,13,2022-06-28
"RSM_es","aimplas",13,0,0,13,2022-06-28
"UPLIFT_EU","susana_xara",13,0,0,13,2022-06-28
"ait_research","FournetMargaret",11,0,1,12,2022-06-28
"expoquimia","Leitat",12,0,0,12,2022-06-28
"GVAavi","Actecosl",12,0,0,12,2022-06-28
"GVAavi","realturfoficial",12,0,0,12,2022-06-28
"iambiente","aimplas",12,0,0,12,2022-06-28
"IndustryTalksES","aimplas",11,0,1,12,2022-06-28
"iResiduo","aimplas",12,0,0,12,2022-06-28
"OCRValencia","aimplas",10,0,2,12,2022-06-28
"OVTT","aimplas",12,0,0,12,2022-06-28
"PLABUNsrl","aimplas",12,0,0,12,2022-06-28
"Redit_es","valenciactiva_",12,0,0,12,2022-06-28
"RSM_es","ainiatecnologia",12,0,0,12,2022-06-28
"SagredoMarco","aimplas",12,0,0,12,2022-06-28
"_asobiocom","aimplas",11,0,0,11,2022-06-28
"AEMAC_","Eurecat_news",11,0,0,11,2022-06-28
"anquequimicos","aimplas",9,0,2,11,2022-06-28
"AvepAsociacion","AvepAsociacion",11,0,0,11,2022-06-28
"Azmudeu","aimplas",11,0,0,11,2022-06-28
"Azmudeu","idainature",11,0,0,11,2022-06-28
"Azmudeu","tabitbilisim",11,0,0,11,2022-06-28
"CentrosCex","OceanetsProject",11,0,0,11,2022-06-28
"enQestamosanque","aimplas",8,0,3,11,2022-06-28
"fruittoday","fruittoday",0,0,11,11,2022-06-28
"GVAivace","aimplas",11,0,0,11,2022-06-28
"ibv_org","aimplas",11,0,0,11,2022-06-28
"int_envase","aimplas",11,0,0,11,2022-06-28
"osirisnetspain","GAIKER_BRTA",10,1,0,11,2022-06-28
"preserve_h2020","aimplas",8,2,1,11,2022-06-28
"Regmurcialimpia","Vertidos_Cero",9,0,2,11,2022-06-28
"Rest_colectiva","Rest_colectiva",11,0,0,11,2022-06-28
"somoscidec","aimplas",11,0,0,11,2022-06-28
"SusChemSpain","aimplas",10,1,0,11,2022-06-28
"AEMAC_","tecnalia",10,0,0,10,2022-06-28
"ait_research","ambercentre",10,0,0,10,2022-06-28
"ait_research","RDI_at_LIT",10,0,0,10,2022-06-28
"AvepAsociacion","ANAIP_es",10,0,0,10,2022-06-28
"CTplasUy","aimplas",10,0,0,10,2022-06-28
"Economia_3","aimplas",10,0,0,10,2022-06-28
"expoquimia","harvestoreEU",10,0,0,10,2022-06-28
"expoquimia","la_UPC",10,0,0,10,2022-06-28
"expoquimia","linknovate",10,0,0,10,2022-06-28
"expoquimia","RECOTRANS_H2020",10,0,0,10,2022-06-28
"FuturEnviro","ainiatecnologia",10,0,0,10,2022-06-28
"GVAivace","Julia_company",10,0,0,10,2022-06-28
"GVAivace","Redit_es",10,0,0,10,2022-06-28
"ITC_ceramica","Redit_es",6,1,3,10,2022-06-28
"osirisnetspain","aimplas",10,0,0,10,2022-06-28
"osirisnetspain","aitex_es",10,0,0,10,2022-06-28
"osirisnetspain","Cidaut",10,0,0,10,2022-06-28
"pteco2","aimplas",9,1,0,10,2022-06-28
"revista_PQ","aimplas",9,0,1,10,2022-06-28
"anacanoarribas","CoopsAgroCV",7,0,2,9,2022-06-28
"AvepAsociacion","ANARPLA",9,0,0,9,2022-06-28
"AvepAsociacion","Cicloplast_com",9,0,0,9,2022-06-28
"Azmudeu","Azmudeu",9,0,0,9,2022-06-28
"CentrosCex","corifyAF",9,0,0,9,2022-06-28
"CentrosCex","Grupo_TSK",9,0,0,9,2022-06-28
"CentrosCex","Molecor",9,0,0,9,2022-06-28
"CentrosCex","PigCHAMP_Europa",9,0,0,9,2022-06-28
"CentrosCex","PlatinoEduca",9,0,0,9,2022-06-28
"CentrosCex","skrollerbelt",9,0,0,9,2022-06-28
"Equiplast","Leitat",9,0,0,9,2022-06-28
"expoquimia","ICIQchem",9,0,0,9,2022-06-28
"fadiplastsl","aimplas",5,0,4,9,2022-06-28
"Feique_ES","aimplas",9,0,0,9,2022-06-28
"HABRILAN","AEMAC_",5,4,0,9,2022-06-28
"HABRILAN","aimplas",8,0,1,9,2022-06-28
"ITC_ceramica","AIDIMME",9,0,0,9,2022-06-28
"MaripeSamper","skrollerbelt",8,0,1,9,2022-06-28
"OCRValencia","Redit_es",9,0,0,9,2022-06-28
"Redit_es","OCRValencia",9,0,0,9,2022-06-28
"RevistaMercados","aimplas",9,0,0,9,2022-06-28
"UPLIFT_EU","BioICEP_H2020",9,0,0,9,2022-06-28
"AEMAC_","aeroespacialUPM",8,0,0,8,2022-06-28
"anacanoarribas","aimplas",8,0,0,8,2022-06-28
"AvepAsociacion","PlasticsEuropES",8,0,0,8,2022-06-28
"EFE_CValenciana","aimplas",8,0,0,8,2022-06-28
"Eurosurfas","accio_cat",8,0,0,8,2022-06-28
"expoquimia","gremirecupera",8,0,0,8,2022-06-28
"expoquimia","LAB_Ecoinnova",8,0,0,8,2022-06-28
"expoquimia","Suruscircular",8,0,0,8,2022-06-28
"Feique_ES","PlasticsEuropES",8,0,0,8,2022-06-28
"financialfood","aimplas",5,0,3,8,2022-06-28
"GVAavi","GVAavi",8,0,0,8,2022-06-28
"GVAivace","Rafa_Climentg",8,0,0,8,2022-06-28
"ibpplastik","aimplas",5,0,3,8,2022-06-28
"industry_arena","aimplas",8,0,0,8,2022-06-28
"int_reciclaje","aimplas",8,0,0,8,2022-06-28
"OceanetsProject","OceanetsProject",4,0,4,8,2022-06-28
"OEPM_es","aimplas",8,0,0,8,2022-06-28
"Packnet_","PlasticsEuropES",5,2,1,8,2022-06-28
"silviaavilesg","aimplas",8,0,0,8,2022-06-28
"SusChemSpain","deborahciencia",7,1,0,8,2022-06-28
"TeximInfo","ainiatecnologia",8,0,0,8,2022-06-28
"TRAKTECH_","aimplas",8,0,0,8,2022-06-28
"vincenzo_gente","OceanetsProject",7,0,1,8,2022-06-28
"WaystupH2020","aimplas",8,0,0,8,2022-06-28
"1977moni","1974mariajo",7,0,0,7,2022-06-28
"1977moni","aimplas",7,0,0,7,2022-06-28
"1977moni","AsociacinEmpre2",7,0,0,7,2022-06-28
"1977moni","AvepAsociacion",7,0,0,7,2022-06-28
"1977moni","FEPEVAL",7,0,0,7,2022-06-28
"1977moni","htroyano_",7,0,0,7,2022-06-28
"1977moni","juan_poti",7,0,0,7,2022-06-28
"1977moni","xavivilamarxant",7,0,0,7,2022-06-28
"1977moni","YouTube",7,0,0,7,2022-06-28
"AEMAC_","ferrerdalmaucm",7,0,0,7,2022-06-28
"AEMAC_","GAIKER_BRTA",7,0,0,7,2022-06-28
"AEMAC_","ImdeaMaterials",7,0,0,7,2022-06-28
"ait_research","AitLibrary",7,0,0,7,2022-06-28
"AtfProfessional","aimplas",7,0,0,7,2022-06-28
"BeonNAT_H2020","aimplas",6,0,1,7,2022-06-28
"CdeCarnica","ainiatecnologia",7,0,0,7,2022-06-28
"ceeivalencia","ainiatecnologia",7,0,0,7,2022-06-28
"ceeivalencia","BIOVAL_es",7,0,0,7,2022-06-28
"ceeivalencia","itene",7,0,0,7,2022-06-28
"ceeivalencia","itenergia",7,0,0,7,2022-06-28
"DarwinBioprosp","aimplas",7,0,0,7,2022-06-28
"Equiplast","accio_cat",7,0,0,7,2022-06-28
"Eurosurfas","IREC_Energia",7,0,0,7,2022-06-28
"Food4LifeSPAIN","aimplas",7,0,0,7,2022-06-28
"iambiente","ainiatecnologia",7,0,0,7,2022-06-28
"IndustryTalksES","IndustryTalksES",7,0,0,7,2022-06-28
"infoagrocom","aimplas",7,0,0,7,2022-06-28
"MaripeSamper","aimplas",7,0,0,7,2022-06-28
"OCRValencia","palbeme",7,0,0,7,2022-06-28
"parccientificuv","aimplas",7,0,0,7,2022-06-28
"PlasticsEuropES","ANAIP_es",7,0,0,7,2022-06-28
"PlasticsEuropES","Cicloplast_com",7,0,0,7,2022-06-28
"SmartCityJour_","aimplas",6,0,1,7,2022-06-28
"SusChemSpain","BASF_ES",7,0,0,7,2022-06-28
"SusChemSpain","Repsol",7,0,0,7,2022-06-28
"SusChemSpain","SABIC",7,0,0,7,2022-06-28
"UPLIFT_EU","MixUp_H2020",7,0,0,7,2022-06-28
"Vertidos_Cero","OceanetsProject",5,1,1,7,2022-06-28
"Vertidos_Cero","uvigo",7,0,0,7,2022-06-28
"vincenzo_gente","aimplas",5,0,2,7,2022-06-28
"WaystupH2020","GVAivia",7,0,0,7,2022-06-28
"WaystupH2020","UA_Universidad",7,0,0,7,2022-06-28
"_asobiocom","CENER_Energia",6,0,0,6,2022-06-28
"aec_es","aec_es",1,0,5,6,2022-06-28
"AEMAC_","amade_udg",6,0,0,6,2022-06-28
"AEMAC_","IndustryTalksES",3,2,1,6,2022-06-28
"AEMAC_","TalgoGroup",6,0,0,6,2022-06-28
"AEMAC_","Titania_aero",6,0,0,6,2022-06-28
"AErasmusproject","aimplas",6,0,0,6,2022-06-28
"ait_research","AIT__LIT",6,0,0,6,2022-06-28
"anape_eps","aimplas",6,0,0,6,2022-06-28
"Asefapi_Es","aimplas",6,0,0,6,2022-06-28
"AseTUB","aimplas",5,1,0,6,2022-06-28
"AutPortValencia","aimplas",6,0,0,6,2022-06-28
"cdcampo1","aimplas",6,0,0,6,2022-06-28
"ceeivalencia","CDTIoficial",6,0,0,6,2022-06-28
"ceeivalencia","GVAeconomia",6,0,0,6,2022-06-28
"ClusterMAV","aimplas",6,0,0,6,2022-06-28
"Corresponsables","aimplas",6,0,0,6,2022-06-28
"DGreenblogger","aimplas",6,0,0,6,2022-06-28
"emprenemjunts","itenergia",6,0,0,6,2022-06-28
"Equiplast","Cicloplast_com",6,0,0,6,2022-06-28
"Equiplast","Eurecat_news",6,0,0,6,2022-06-28
"Equiplast","IREC_Energia",6,0,0,6,2022-06-28
"escamilla50","GVAeconomia",3,0,3,6,2022-06-28
"escamilla50","skrollerbelt",4,0,2,6,2022-06-28
"EUBioplastics","aimplas",6,0,0,6,2022-06-28
"expoquimia","Eurecat_news",6,0,0,6,2022-06-28
"FuturEnviro","Cicloplast_com",6,0,0,6,2022-06-28
"FuturEnviro","GVAavi",6,0,0,6,2022-06-28
"FuturEnviro","Vertidos_Cero",6,0,0,6,2022-06-28
"ibv_org","GVAivace",6,0,0,6,2022-06-28
"IndustrialesCV","aimplas",6,0,0,6,2022-06-28
"InterplastPT","aimplas",6,0,0,6,2022-06-28
"ITC_ceramica","GVAivace",6,0,0,6,2022-06-28
"itenergia","itenergia",6,0,0,6,2022-06-28
"JECComposites","aimplas",5,0,1,6,2022-06-28
"Jobomas","aimplas",4,0,2,6,2022-06-28
"KimitecGroup","aimplas",6,0,0,6,2022-06-28
"mafehegu","aimplas",3,0,3,6,2022-06-28
"MaripeSamper","Grupo_TSK",6,0,0,6,2022-06-28
"MaripeSamper","Molecor",6,0,0,6,2022-06-28
"MaripeSamper","PigCHAMP_Europa",6,0,0,6,2022-06-28
"MaripeSamper","PlatinoEduca",6,0,0,6,2022-06-28
"Mateprincs","aimplas",6,0,0,6,2022-06-28
"OVTT","ainiatecnologia",6,0,0,6,2022-06-28
"PackagingEurope","aimplas",6,0,0,6,2022-06-28
"pickpackexpo","aimplas",5,0,1,6,2022-06-28
"PlasticsEuropES","ANARPLA",6,0,0,6,2022-06-28
"PlasticsEuropES","Feique_ES",6,0,0,6,2022-06-28
"residuorecurso","aimplas",6,0,0,6,2022-06-28
"RevistaRETEMA","aitex_es",6,0,0,6,2022-06-28
"RevistaRETEMA","Cidaut",6,0,0,6,2022-06-28
"RevistaRETEMA","ecodes",6,0,0,6,2022-06-28
"RevistaRETEMA","GAIKER_BRTA",6,0,0,6,2022-06-28
"RevistaRETEMA","INTE_UPC",6,0,0,6,2022-06-28
"RPM_Plasticos","ainiatecnologia",6,0,0,6,2022-06-28
"UPLIFT_EU","H2020demeto",6,0,0,6,2022-06-28
"Vertidos_Cero","ArviInnovapesca",6,0,0,6,2022-06-28
"vincenzo_gente","cinea_eu",4,0,2,6,2022-06-28
"WaystupH2020","Biopolis_SL",6,0,0,6,2022-06-28
"WaystupH2020","BioSenseRS",6,0,0,6,2022-06-28
"WaystupH2020","fCIRCE",6,0,0,6,2022-06-28
"WaystupH2020","Novamont",6,0,0,6,2022-06-28
"WaystupH2020","SAV_lavega",6,0,0,6,2022-06-28
"WaystupH2020","Terra_i_Xufa",6,0,0,6,2022-06-28
"4filmLife","aimplas",5,0,0,5,2022-06-28
"4filmLife","CanalUGR",5,0,0,5,2022-06-28
"4filmLife","FCC_MA",5,0,0,5,2022-06-28
"4filmLife","Stadler_Group",5,0,0,5,2022-06-28
"aalbaperez","Redit_es",3,1,1,5,2022-06-28
"aec_es","AEDIVE",5,0,0,5,2022-06-28
"AEMAC_","aimenct",5,0,0,5,2022-06-28
"AEMAC_","Airbus",5,0,0,5,2022-06-28
"AEMAC_","aitex_es",5,0,0,5,2022-06-28
"AEMAC_","expoquimia",4,1,0,5,2022-06-28
"AEMAC_","IDEKO_",5,0,0,5,2022-06-28
"AEMAC_","industry_arena",3,0,2,5,2022-06-28
"AEMAC_","ZiurComposites",5,0,0,5,2022-06-28
"AErasmusproject","euhospitals",5,0,0,5,2022-06-28
"AErasmusproject","HIHIreland",5,0,0,5,2022-06-28
"AErasmusproject","IDIVALdireccion",5,0,0,5,2022-06-28
"AErasmusproject","Jobsatskills",5,0,0,5,2022-06-28
"Agrimax_EU","aimplas",5,0,0,5,2022-06-28
"AgroNewsCV","ainiatecnologia",5,0,0,5,2022-06-28
"ait_research","AthloneIT",3,2,0,5,2022-06-28
"ait_research","AvecomNV",5,0,0,5,2022-06-28
"Baliht_EU","aimplas",5,0,0,5,2022-06-28
"basurasmarinas","aimplas",5,0,0,5,2022-06-28
"BeonNAT_H2020","BTU_CS",5,0,0,5,2022-06-28
"BeonNAT_H2020","CederCiemat",5,0,0,5,2022-06-28
"BeonNAT_H2020","FCesefor",5,0,0,5,2022-06-28
"BeonNAT_H2020","PEFCSpain",5,0,0,5,2022-06-28
"ceeivalencia","Biopolis_SL",5,0,0,5,2022-06-28
"ceeivalencia","GVAivace",5,0,0,5,2022-06-28
"ceeivalencia","iata_csic",5,0,0,5,2022-06-28
"ceeivalencia","Redit_es",5,0,0,5,2022-06-28
"ceeivalencia","seimedcv",5,0,0,5,2022-06-28
"Cidaut","aimplas",5,0,0,5,2022-06-28
"Cidaut","aitex_es",5,0,0,5,2022-06-28
"Cidaut","Cidaut",5,0,0,5,2022-06-28
"Cidaut","GAIKER_BRTA",5,0,0,5,2022-06-28
"disruptores_inn","aimplas",5,0,0,5,2022-06-28
"Economia_3","AvepAsociacion",5,0,0,5,2022-06-28
"ECOTOX2","Vertidos_Cero",3,0,2,5,2022-06-28
"Equiplast","ANAIP_es",5,0,0,5,2022-06-28
"Equiplast","tecnalia",5,0,0,5,2022-06-28
"escamilla50","aimplas",5,0,0,5,2022-06-28
"escamilla50","CentrosCex",5,0,0,5,2022-06-28
"escamilla50","GVAivace",5,0,0,5,2022-06-28
"escamilla50","Julia_company",5,0,0,5,2022-06-28
"escamilla50","Rafa_Climentg",5,0,0,5,2022-06-28
"esplasticos","Cicloplast_com",5,0,0,5,2022-06-28
"eurocarne","ainiatecnologia",5,0,0,5,2022-06-28
"Eurosurfas","Eurecat_news",5,0,0,5,2022-06-28
"Eurosurfas","Leitat",5,0,0,5,2022-06-28
"expoquimia","AEMAC_",5,0,0,5,2022-06-28
"FCalidad","aimplas",4,0,1,5,2022-06-28
"Fedit","Redit_es",5,0,0,5,2022-06-28
"FEVEC_Valencia","aimplas",5,0,0,5,2022-06-28
"ffe_es","materplat",4,0,1,5,2022-06-28
"Food4LifeSPAIN","Food4LifeSPAIN",4,0,1,5,2022-06-28
"ForoQyS","SusChemSpain",3,2,0,5,2022-06-28
"FuturEnviro","ACCIONA",5,0,0,5,2022-06-28
"FuturEnviro","GVAivace",5,0,0,5,2022-06-28
"gbelenguer","aimplas",5,0,0,5,2022-06-28
"GeriatricArea","aimplas",5,0,0,5,2022-06-28
"GVAavi","IISLaFe",4,1,0,5,2022-06-28
"GVAeconomia","aimplas",5,0,0,5,2022-06-28
"GVAivace","CentrosCex",2,3,0,5,2022-06-28
"Hispackbcn","ainiatecnologia",5,0,0,5,2022-06-28
"interplas_news","aimplas",5,0,0,5,2022-06-28
"ITC_ceramica","ainiatecnologia",5,0,0,5,2022-06-28
"ITC_ceramica","ITI_TIC",5,0,0,5,2022-06-28
"ITI_TIC","aimplas",5,0,0,5,2022-06-28
"juan_poti","1977moni",3,0,2,5,2022-06-28
"MaripeSamper","corifyAF",5,0,0,5,2022-06-28
"MartaEGMosquera","aimplas",5,0,0,5,2022-06-28
"MartaEGMosquera","inbiotecenlared",5,0,0,5,2022-06-28
"MartaEGMosquera","IQAR_UAH",5,0,0,5,2022-06-28
"MartaEGMosquera","UAHes",5,0,0,5,2022-06-28
"martarojo_","aimplas",5,0,0,5,2022-06-28
"maytedomingo_","aimplas",5,0,0,5,2022-06-28
"maytedomingo_","ainiatecnologia",5,0,0,5,2022-06-28
"maytedomingo_","itenergia",5,0,0,5,2022-06-28
"maytedomingo_","ITI_TIC",5,0,0,5,2022-06-28
"maytedomingo_","Redit_es",5,0,0,5,2022-06-28
"Monviciano","EUGCC_cleanergy",3,0,2,5,2022-06-28
"MPN_Magazine","aimplas",4,0,1,5,2022-06-28
"OCRValencia","Consum",5,0,0,5,2022-06-28
"OCRValencia","masapa1982",5,0,0,5,2022-06-28
"Packnet_","Packnet_",4,0,1,5,2022-06-28
"Packnet_","sigfito",5,0,0,5,2022-06-28
"PalcongresVLC","aimplas",4,0,1,5,2022-06-28
"parccientificuv","parccientificuv",0,0,5,5,2022-06-28
"plasticoshita","aimplas",4,0,1,5,2022-06-28
"PlasticsEuropES","ainiatecnologia",5,0,0,5,2022-06-28
"PlasticsEuropES","AvepAsociacion",5,0,0,5,2022-06-28
"PlasticsEuropES","PlasticsEuropES",1,0,4,5,2022-06-28
"poscosecha","aimplas",5,0,0,5,2022-06-28
"pteco2","AgEInves",5,0,0,5,2022-06-28
"pteco2","incarCSIC",5,0,0,5,2022-06-28
"pteco2","tecnalia",5,0,0,5,2022-06-28
"pteco2","ualmeria",5,0,0,5,2022-06-28
"Regmurcialimpia","Ferfollos",3,0,2,5,2022-06-28
"RepetCoinnova","aimplas",4,1,0,5,2022-06-28
"Rest_colectiva","Educo_ONG",5,0,0,5,2022-06-28
"Rest_colectiva","gencat",5,0,0,5,2022-06-28
"Rest_colectiva","GVAavi",5,0,0,5,2022-06-28
"Rest_colectiva","organiciberia",5,0,0,5,2022-06-28
"Rest_colectiva","RATIONAL_AG",5,0,0,5,2022-06-28
"Rest_colectiva","telosirvoverde",5,0,0,5,2022-06-28
"RSM_es","RSM_es",5,0,0,5,2022-06-28
"somoscidec","Afi_es",5,0,0,5,2022-06-28
"somoscidec","ainiatecnologia",5,0,0,5,2022-06-28
"somoscidec","fCIRCE",5,0,0,5,2022-06-28
"somoscidec","ICTA_UAB",5,0,0,5,2022-06-28
"SusChemSpain","PlasticsEuropES",5,0,0,5,2022-06-28
"ter4bithi4","aimplas",5,0,0,5,2022-06-28
"VLCTechCity","aimplas",5,0,0,5,2022-06-28
"WaystupH2020","biobean",5,0,0,5,2022-06-28
"WaystupH2020","imec_int",5,0,0,5,2022-06-28
"WaystupH2020","NAFIGATECorp",5,0,0,5,2022-06-28
"WaystupH2020","ntua",5,0,0,5,2022-06-28
"WaystupH2020","SustainableCTgr",5,0,0,5,2022-06-28
"Wendy_Moreno_EU","ai_eic",3,0,2,5,2022-06-28
"10t_proyectos","aimplas",4,0,0,4,2022-06-28
"AdonaiHM","javiergarciamar",3,0,1,4,2022-06-28
"AdonaiHM","Redit_es",3,1,0,4,2022-06-28
"aec_es","AENOR",4,0,0,4,2022-06-28
"aec_es","AnfacAutomovil",4,0,0,4,2022-06-28
"aec_es","BoschEspana",4,0,0,4,2022-06-28
"aec_es","DeutzBS",4,0,0,4,2022-06-28
"aec_es","QualityCpa",4,0,0,4,2022-06-28
"AEMAC_","AEMAC_",0,1,3,4,2022-06-28
"AEMAC_","aernnova_usa",4,0,0,4,2022-06-28
"AEMAC_","AirbusHeli",4,0,0,4,2022-06-28
"AEMAC_","CalpeIT",4,0,0,4,2022-06-28
"AEMAC_","CDTIoficial",4,0,0,4,2022-06-28
"AEMAC_","CentrosCex",2,0,2,4,2022-06-28
"AEMAC_","CIDETEC_",4,0,0,4,2022-06-28
"AEMAC_","ictp_promocion",4,0,0,4,2022-06-28
"AEMAC_","tsisl_oficial",4,0,0,4,2022-06-28
"AErasmusproject","AMRCtraining",4,0,0,4,2022-06-28
"AErasmusproject","Itemas",4,0,0,4,2022-06-28
"AErasmusproject","NUIGinnovation",4,0,0,4,2022-06-28
"AErasmusproject","sheffielduni",4,0,0,4,2022-06-28
"AgoraScience","aimplas",4,0,0,4,2022-06-28
"Agrimax_EU","BBI2020",4,0,0,4,2022-06-28
"Agrimax_EU","biconsortium",4,0,0,4,2022-06-28
"Agrimax_EU","EU_H2020",4,0,0,4,2022-06-28
"ai_eic","AristosInfo",3,0,1,4,2022-06-28
"ai_eic","H2020_Partner",3,0,1,4,2022-06-28
"ai_eic","Wendy_Moreno_EU",3,0,1,4,2022-06-28
"AIJU_Tecnologi","aimplas",4,0,0,4,2022-06-28
"aimplas","PackEuropeEli",2,0,2,4,2022-06-28
"aimplas","SustainableInnE",2,0,2,4,2022-06-28
"AIN_Navarra","aimplas",4,0,0,4,2022-06-28
"ainiatecnologia","faerchgroup",3,0,1,4,2022-06-28
"ANAIP_es","PlasticsEuropES",2,1,1,4,2022-06-28
"andresgilnogues","PlasticFV",2,1,1,4,2022-06-28
"AperitivoSnacks","aimplas",4,0,0,4,2022-06-28
"asociacionruvid","aimplas",4,0,0,4,2022-06-28
"Benihort","Benihort",2,0,2,4,2022-06-28
"BeonNAT_H2020","ContacticaInnov",4,0,0,4,2022-06-28
"BeonNAT_H2020","Envirohemp",4,0,0,4,2022-06-28
"BeonNAT_H2020","LeibnizATB",4,0,0,4,2022-06-28
"BeonNAT_H2020","NNFCC",4,0,0,4,2022-06-28
"BeonNAT_H2020","recordbioenergy",4,0,0,4,2022-06-28
"BIOVAL_es","ceeivalencia",4,0,0,4,2022-06-28
"BIOVAL_es","GVAivace",4,0,0,4,2022-06-28
"BIOVAL_es","itene",4,0,0,4,2022-06-28
"BIOVAL_es","itenergia",4,0,0,4,2022-06-28
"BIOVAL_es","Redit_es",4,0,0,4,2022-06-28
"BIOVAL_es","seimedcv",4,0,0,4,2022-06-28
"botellas_eco","ResiduosPro",2,0,2,4,2022-06-28
"Cajamar","aimplas",4,0,0,4,2022-06-28
"Cajamar","CticCita",4,0,0,4,2022-06-28
"cdcampo1","CentrosCex",2,0,2,4,2022-06-28
"ceeivalencia","ceeivalencia",3,0,1,4,2022-06-28
"ceeivalencia","emprenemjunts",4,0,0,4,2022-06-28
"ClusterFPrint","aimplas",4,0,0,4,2022-06-28
"ClusterFPrint","PT3NEO",4,0,0,4,2022-06-28
"COGITIValencia","aimplas",4,0,0,4,2022-06-28
"Colquimva","aimplas",4,0,0,4,2022-06-28
"compromisoclima","aimplas",3,0,1,4,2022-06-28
"Consalud_es","aimplas",4,0,0,4,2022-06-28
"CozAlberto","aimplas",3,0,1,4,2022-06-28
"Crowdhelix","aimplas",3,1,0,4,2022-06-28
"DarwinBioprosp","i2sysbio",4,0,0,4,2022-06-28
"DominoPrint_ES","aimplas",4,0,0,4,2022-06-28
"DominoPrint_ES","RPM_Plasticos",2,0,2,4,2022-06-28
"Economia_3","ainiatecnologia",4,0,0,4,2022-06-28
"Economia_3","emparmbonafe",4,0,0,4,2022-06-28
"Economia_3","GVAeconomia",4,0,0,4,2022-06-28
"Economia_3","idainature",4,0,0,4,2022-06-28
"Economia_3","PwC_Spain",4,0,0,4,2022-06-28
"Economia_3","QUIMACOVA",4,0,0,4,2022-06-28
"EcoxyProject","aimplas",3,0,1,4,2022-06-28
"elEconomistaCV","aimplas",4,0,0,4,2022-06-28
"emprenemjunts","ainiatecnologia",4,0,0,4,2022-06-28
"emprenemjunts","BIOVAL_es",4,0,0,4,2022-06-28
"emprenemjunts","Cicloplast_com",4,0,0,4,2022-06-28
"Equiplast","AEMAC_",4,0,0,4,2022-06-28
"Equiplast","PlasticsEuropES",4,0,0,4,2022-06-28
"Eurosurfas","AEMAC_",4,0,0,4,2022-06-28
"Eurosurfas","linknovate",4,0,0,4,2022-06-28
"Eurosurfas","RECOTRANS_H2020",4,0,0,4,2022-06-28
"expoquimia","FIDAMC_",4,0,0,4,2022-06-28
"feriaecofira","aimplas",4,0,0,4,2022-06-28
"Fernando_Ca_63","SagredoMarco",2,0,2,4,2022-06-28
"ffe_es","ffe_es",4,0,0,4,2022-06-28
"ForoQyS","esplasticos",2,2,0,4,2022-06-28
"ForoQyS","Feique_ES",3,1,0,4,2022-06-28
"ForoQyS","PlasticsEuropES",4,0,0,4,2022-06-28
"Fund_Diversidad","aimplas",3,0,1,4,2022-06-28
"FuturEnviro","Afi_es",4,0,0,4,2022-06-28
"FuturEnviro","fCIRCE",4,0,0,4,2022-06-28
"FuturEnviro","ICTA_UAB",4,0,0,4,2022-06-28
"FuturEnviro","IDAEA_CSIC",4,0,0,4,2022-06-28
"FuturEnviro","PaisajeLimpio",4,0,0,4,2022-06-28
"FuturEnviro","TOMRARecycling",4,0,0,4,2022-06-28
"garcia_saludes","Redit_es",3,0,1,4,2022-06-28
"gbelenguer","Redit_es",4,0,0,4,2022-06-28
"GeriatricArea","ibv_org",4,0,0,4,2022-06-28
"GVAavi","UPV",4,0,0,4,2022-06-28
"GVAavi","UV_EG",4,0,0,4,2022-06-28
"GVAeconomia","GVAivace",4,0,0,4,2022-06-28
"GVAivace","GVAivace",4,0,0,4,2022-06-28
"i_alimentacion","aimplas",4,0,0,4,2022-06-28
"IBIAE","IBIAE",2,0,2,4,2022-06-28
"IDDI_design","aimplas",4,0,0,4,2022-06-28
"iiama_upv","aimplas",4,0,0,4,2022-06-28
"iiama_upv","GlobalOmnium",4,0,0,4,2022-06-28
"iiama_upv","Grupo_CALAGUA",4,0,0,4,2022-06-28
"IndisaEditorial","aimplas",4,0,0,4,2022-06-28
"IndustrialesCV","Acelerapyme",4,0,0,4,2022-06-28
"IndustrialesCV","redpuntoes",4,0,0,4,2022-06-28
"industry_arena","3Dnatives_ES",4,0,0,4,2022-06-28
"industry_arena","Leitat",4,0,0,4,2022-06-28
"industry_arena","tecnalia",4,0,0,4,2022-06-28
"IndustryTalksES","AEMAC_",4,0,0,4,2022-06-28
"InforetailNews","aimplas",4,0,0,4,2022-06-28
"istobal_es","aimplas",4,0,0,4,2022-06-28
"ITC_ceramica","AIJU_Tecnologi",4,0,0,4,2022-06-28
"ITC_ceramica","aitex_es",4,0,0,4,2022-06-28
"ITC_ceramica","ibv_org",4,0,0,4,2022-06-28
"ITC_ceramica","InescopTech",4,0,0,4,2022-06-28
"ITC_ceramica","itene",4,0,0,4,2022-06-28
"ITC_ceramica","itenergia",4,0,0,4,2022-06-28
"jhomstor","edpemo",2,0,2,4,2022-06-28
"KimitecGroup","aimenct",4,0,0,4,2022-06-28
"KimitecGroup","BBI2020",2,2,0,4,2022-06-28
"KimitecGroup","CanalUGR",4,0,0,4,2022-06-28
"KimitecGroup","KimitecGroup",0,0,4,4,2022-06-28
"KNAUFINDSPAIN","aimplas",4,0,0,4,2022-06-28
"LAURELIN_EU","aimplas",4,0,0,4,2022-06-28
"LosPackaging","aimplas",2,0,2,4,2022-06-28
"Madloboig","PlasticsEuropES",2,0,2,4,2022-06-28
"MadresXClimaCan","Regmurcialimpia",2,0,2,4,2022-06-28
"marijosidemaya","deborahciencia",2,0,2,4,2022-06-28
"MartaEGMosquera","geqo_rseq",4,0,0,4,2022-06-28
"maytedomingo_","AIDIMME",4,0,0,4,2022-06-28
"Monviciano","aimplas",4,0,0,4,2022-06-28
"Mundoplast","ainiatecnologia",4,0,0,4,2022-06-28
"OanaCaro","deborahciencia",2,0,2,4,2022-06-28
"Obrasurbanas","aimplas",4,0,0,4,2022-06-28
"OC_Composites","HABRILAN",2,0,2,4,2022-06-28
"OleoRevista","aimplas",4,0,0,4,2022-06-28
"olgainfoedita","aimplas",2,0,2,4,2022-06-28
"OVTTenglish","aimplas",4,0,0,4,2022-06-28
"Packnet_","Cicloplast_com",4,0,0,4,2022-06-28
"Packnet_","Feique_ES",4,0,0,4,2022-06-28
"PalcongresVLC","ainiatecnologia",4,0,0,4,2022-06-28
"PilotHarbour","AutPortValencia",2,0,2,4,2022-06-28
"Plastico_Indl","aimplas",4,0,0,4,2022-06-28
"PlasticsEuropES","deborahciencia",3,1,0,4,2022-06-28
"pteco2","FunditecOrg",4,0,0,4,2022-06-28
"raorsamaq","aimplas",3,0,1,4,2022-06-28
"Redit_es","EU_H2020",4,0,0,4,2022-06-28
"Redit_es","Fedit",3,1,0,4,2022-06-28
"Redit_es","palbeme",4,0,0,4,2022-06-28
"Redit_es","PalcongresVLC",4,0,0,4,2022-06-28
"Regmurcialimpia","Afi_es",4,0,0,4,2022-06-28
"Regmurcialimpia","ainiatecnologia",4,0,0,4,2022-06-28
"Regmurcialimpia","fCIRCE",4,0,0,4,2022-06-28
"Regmurcialimpia","ICTA_UAB",4,0,0,4,2022-06-28
"Regmurcialimpia","IDAEA_CSIC",4,0,0,4,2022-06-28
"Regmurcialimpia","PaisajeLimpio",4,0,0,4,2022-06-28
"Regmurcialimpia","somoscidec",4,0,0,4,2022-06-28
"residuorecurso","Eurecat_events",4,0,0,4,2022-06-28
"residuorecurso","IDAEA_CSIC",4,0,0,4,2022-06-28
"revistaide","ainiatecnologia",4,0,0,4,2022-06-28
"RevistaRETEMA","Cicloplast_com",4,0,0,4,2022-06-28
"RSM_es","PalcongresVLC",4,0,0,4,2022-06-28
"SofiaRTD","aimplas",4,0,0,4,2022-06-28
"SOMM_alliance","ICTA_UAB",2,2,0,4,2022-06-28
"sost_cdti","aimplas",2,2,0,4,2022-06-28
"SreeparnaDas20","aimplas",3,0,1,4,2022-06-28
"UPLIFT_EU","preserve_h2020",4,0,0,4,2022-06-28
"Vastuullisuus","aimplas",4,0,0,4,2022-06-28
"Vastuullisuus","Vastuullisuus",4,0,0,4,2022-06-28
"Vertidos_Cero","FBiodiversidad",4,0,0,4,2022-06-28
"Vesismin","aimplas",2,2,0,4,2022-06-28
"vincenzo_gente","EU_MARE",4,0,0,4,2022-06-28
"WaystupH2020","tuc_chania",4,0,0,4,2022-06-28
"_acabanas","RevistaRETEMA",2,0,1,3,2022-06-28
"3duardoFG","ter4bithi4",1,1,1,3,2022-06-28
"aalbaperez","aimplas",3,0,0,3,2022-06-28
"aalbaperez","ITC_ceramica",3,0,0,3,2022-06-28
"aalbaperez","itene",3,0,0,3,2022-06-28
"aalbaperez","ITI_TIC",3,0,0,3,2022-06-28
"AbelardoDuran","aimplas",2,0,1,3,2022-06-28
"actualidadaero","aimplas",2,0,1,3,2022-06-28
"ADCV_com","Redit_es",2,0,1,3,2022-06-28
"aec_es","AECA_ITV",3,0,0,3,2022-06-28
"aec_es","AEI_Rioja_Auto",3,0,0,3,2022-06-28
"aec_es","ANAIP_es",3,0,0,3,2022-06-28
"aec_es","AutomotiveCie",3,0,0,3,2022-06-28
"aec_es","CAARAUTOARAGON",3,0,0,3,2022-06-28
"aec_es","cluster_facyl",3,0,0,3,2022-06-28
"aec_es","EurofirmsGroup",3,0,0,3,2022-06-28
"aec_es","Fundacion_FUNME",3,0,0,3,2022-06-28
"aec_es","gestamp_es",3,0,0,3,2022-06-28
"aec_es","MBenzEspana",3,0,0,3,2022-06-28
"aec_es","sernauto",3,0,0,3,2022-06-28
"aec_es","TessiGroupe_es",3,0,0,3,2022-06-28
"aec_es","TRIGO_TQN",3,0,0,3,2022-06-28
"aecquimico","aimplas",3,0,0,3,2022-06-28
"aecquimico","Feique_ES",3,0,0,3,2022-06-28
"aecquimico","PlasticsEuropES",3,0,0,3,2022-06-28
"AEMAC_","Applynano",3,0,0,3,2022-06-28
"AEMAC_","cimne",3,0,0,3,2022-06-28
"AEMAC_","Equiplast",3,0,0,3,2022-06-28
"AEMAC_","EsAirbus",3,0,0,3,2022-06-28
"AEMAC_","FagorAutomation",3,0,0,3,2022-06-28
"AEMAC_","HexcelCorp",3,0,0,3,2022-06-28
"AEMAC_","IKERLANofficial",3,0,0,3,2022-06-28
"AEMAC_","osirisnetspain",2,1,0,3,2022-06-28
"AEMAC_","testia",3,0,0,3,2022-06-28
"AEMAC_","unisevilla",3,0,0,3,2022-06-28
"AgoraScience","tecnalia",3,0,0,3,2022-06-28
"agrochemie","UPLIFT_EU",3,0,0,3,2022-06-28
"ai_eic","accio_cat",3,0,0,3,2022-06-28
"ai_eic","aimplas",3,0,0,3,2022-06-28
"ai_eic","biocat_cat",3,0,0,3,2022-06-28
"ai_eic","CDTIoficial",3,0,0,3,2022-06-28
"ai_eic","eencat",3,0,0,3,2022-06-28
"ai_eic","Eurecat_news",3,0,0,3,2022-06-28
"ai_eic","horizonexperts",3,0,0,3,2022-06-28
"ai_eic","IreneLarroy",3,0,0,3,2022-06-28
"ai_eic","itene",3,0,0,3,2022-06-28
"ai_eic","JCGarcia_CDTI",3,0,0,3,2022-06-28
"ai_eic","jordipietx",3,0,0,3,2022-06-28
"ai_eic","RosaAriasAlv",3,0,0,3,2022-06-28
"ai_eic","scibus",3,0,0,3,2022-06-28
"ai_eic","SorosGabinete",3,0,0,3,2022-06-28
"ai_eic","talk2much12",3,0,0,3,2022-06-28
"aimplas","InescopTech",3,0,0,3,2022-06-28
"ainiatecnologia","Nestle_es",3,0,0,3,2022-06-28
"ainiatecnologia","PalcongresVLC",3,0,0,3,2022-06-28
"ainiatecnologia","Tecnifood",3,0,0,3,2022-06-28
"ait_research","BioICEP_H2020",3,0,0,3,2022-06-28
"ait_research","SergioFCeballos",2,1,0,3,2022-06-28
"Alfonsobao1","1977moni",2,0,1,3,2022-06-28
"Alfonsobao1","juan_poti",2,0,1,3,2022-06-28
"Alvaro_Eslu","GVAivace",3,0,0,3,2022-06-28
"anacanoarribas","GVAavi",2,0,1,3,2022-06-28
"ANAIP_es","_asobiocom",1,1,1,3,2022-06-28
"ANAIP_es","BASF_ES",3,0,0,3,2022-06-28
"ANAIP_es","Cicloplast_com",3,0,0,3,2022-06-28
"ANAIP_es","Repsol",3,0,0,3,2022-06-28
"anape_eps","Cicloplast_com",3,0,0,3,2022-06-28
"anape_eps","PlasticsEuropES",3,0,0,3,2022-06-28
"ANQUEformacion","aimplas",3,0,0,3,2022-06-28
"anquequimicos","Damocle12183353",2,0,1,3,2022-06-28
"apuntnoticies","aimplas",3,0,0,3,2022-06-28
"ArviInnovapesca","OceanetsProject",2,1,0,3,2022-06-28
"ASECAM1","aimplas",2,1,0,3,2022-06-28
"AseTUB","AseTUB",3,0,0,3,2022-06-28
"AsocEyC","aimplas",3,0,0,3,2022-06-28
"Avia_automocion","aimplas",3,0,0,3,2022-06-28
"BeonNAT_H2020","BBI2020",3,0,0,3,2022-06-28
"BeonNAT_H2020","BeonNAT_H2020",0,0,3,3,2022-06-28
"BeonNAT_H2020","USVro",3,0,0,3,2022-06-28
"BIOnTop_Project","aimplas",3,0,0,3,2022-06-28
"BIOnTop_Project","BIOnTop_Project",3,0,0,3,2022-06-28
"BIOVAL_es","ainiatecnologia",3,0,0,3,2022-06-28
"BIOVAL_es","CDTIoficial",3,0,0,3,2022-06-28
"BIOVAL_es","InescopTech",3,0,0,3,2022-06-28
"cdcampo1","ainiatecnologia",2,1,0,3,2022-06-28
"cdcampo1","Redit_es",2,0,1,3,2022-06-28
"ceei","aimplas",3,0,0,3,2022-06-28
"ceeivalencia","ceei",3,0,0,3,2022-06-28
"CEPplast","aimplas",3,0,0,3,2022-06-28
"CIMPA_Project","aimplas",3,0,0,3,2022-06-28
"Club_Excelencia","aimplas",3,0,0,3,2022-06-28
"ClusterEnvase","aimplas",3,0,0,3,2022-06-28
"ClusterFPrint","fenin_es",3,0,0,3,2022-06-28
"ClusterFPrint","NanomedSpain",3,0,0,3,2022-06-28
"CNTA_CIT","aimplas",3,0,0,3,2022-06-28
"ColegioSalliver","Club_Excelencia",2,0,1,3,2022-06-28
"ColegioSalliver","GrupoSorollaEdu",2,0,1,3,2022-06-28
"CTplasUy","CTplasUy",2,1,0,3,2022-06-28
"ECAndalucia","aimplas",3,0,0,3,2022-06-28
"Economia_3","carlosidai",3,0,0,3,2022-06-28
"Economia_3","DeltellDiaz",3,0,0,3,2022-06-28
"emprenemjunts","AIDIMME",3,0,0,3,2022-06-28
"emprenemjunts","Redit_es",3,0,0,3,2022-06-28
"enQestamosanque","anquequimicos",2,1,0,3,2022-06-28
"entidadPTV","aimplas",3,0,0,3,2022-06-28
"EPAzulejo","aimplas",3,0,0,3,2022-06-28
"Equiplast","FIDAMC_",3,0,0,3,2022-06-28
"Equiplast","harvestoreEU",3,0,0,3,2022-06-28
"Equiplast","ICIQchem",3,0,0,3,2022-06-28
"Equiplast","la_UPC",3,0,0,3,2022-06-28
"Equiplast","linknovate",3,0,0,3,2022-06-28
"Equiplast","RECOTRANS_H2020",3,0,0,3,2022-06-28
"escamilla50","JoseVilar3",3,0,0,3,2022-06-28
"escamilla50","RebecaOntinyent",3,0,0,3,2022-06-28
"escamilla50","Redit_es",3,0,0,3,2022-06-28
"escamilla50","Sebastia_Jordi",3,0,0,3,2022-06-28
"Eurosurfas","FIDAMC_",3,0,0,3,2022-06-28
"Eurosurfas","harvestoreEU",3,0,0,3,2022-06-28
"Eurosurfas","ICIQchem",3,0,0,3,2022-06-28
"Eurosurfas","la_UPC",3,0,0,3,2022-06-28
"expoquimia","Feique_ES",3,0,0,3,2022-06-28
"expoquimia","PlasticsEurope",3,0,0,3,2022-06-28
"EySMunicipales","aimplas",3,0,0,3,2022-06-28
"FConexus","aimplas",2,0,1,3,2022-06-28
"FEDACOVA_VLC","aimplas",2,0,1,3,2022-06-28
"Fedit","InescopTech",3,0,0,3,2022-06-28
"Fedit","ITC_ceramica",3,0,0,3,2022-06-28
"Feique_ES","BASF_ES",3,0,0,3,2022-06-28
"Feique_ES","Repsol",3,0,0,3,2022-06-28
"ffe_es","aimplas",3,0,0,3,2022-06-28
"ffe_es","CIDETEC_",3,0,0,3,2022-06-28
"FlotantProject","aimplas",3,0,0,3,2022-06-28
"FlotantProject","plocan",3,0,0,3,2022-06-28
"food_retail","aimplas",3,0,0,3,2022-06-28
"Food4LifeSPAIN","ainiatecnologia",3,0,0,3,2022-06-28
"Food4LifeSPAIN","PalcongresVLC",3,0,0,3,2022-06-28
"ForoQyS","BASF_ES",3,0,0,3,2022-06-28
"ForoQyS","Repsol",3,0,0,3,2022-06-28
"ForoQyS","RevistaRETEMA",1,1,1,3,2022-06-28
"fruittoday","GVAagroambient",3,0,0,3,2022-06-28
"fruittoday","PlasticsEuropES",3,0,0,3,2022-06-28
"FuturEnviro","VeoliaWaterTech",3,0,0,3,2022-06-28
"gbelenguer","cdcampo1",2,0,1,3,2022-06-28
"gbelenguer","Fedit",3,0,0,3,2022-06-28
"gbelenguer","GVAavi",3,0,0,3,2022-06-28
"gbelenguer","ITC_ceramica",3,0,0,3,2022-06-28
"gbelenguer","itenergia",3,0,0,3,2022-06-28
"GestionGirsa","aimplas",3,0,0,3,2022-06-28
"GlobalOmnium","aimplas",3,0,0,3,2022-06-28
"GoHubTech","aimplas",3,0,0,3,2022-06-28
"Grupo_Soledad","istobal_es",2,0,1,3,2022-06-28
"GVAavi","Benihort",3,0,0,3,2022-06-28
"GVAavi","Betelgeux_es",3,0,0,3,2022-06-28
"GVAavi","IBMCP",3,0,0,3,2022-06-28
"GVAavi","idainature",2,1,0,3,2022-06-28
"GVAavi","ITC_Packaging",3,0,0,3,2022-06-28
"GVAavi","ITQ_UPVCSIC",3,0,0,3,2022-06-28
"GVAinnova","aimplas",2,1,0,3,2022-06-28
"GVAivace","AIDIMME",3,0,0,3,2022-06-28
"HABRILAN","AdvanFactories",2,0,1,3,2022-06-28
"HABRILAN","FIDAMC_",3,0,0,3,2022-06-28
"HABRILAN","OC_Composites",2,0,1,3,2022-06-28
"HABRILAN","Redit_es",3,0,0,3,2022-06-28
"Hispackbcn","Hispackbcn",2,0,1,3,2022-06-28
"HorizonBooster","aimplas",3,0,0,3,2022-06-28
"HorizonBooster","RECOTRANS_H2020",3,0,0,3,2022-06-28
"IBIAE","aimplas",3,0,0,3,2022-06-28
"ibv_org","HGUVALENCIA",3,0,0,3,2022-06-28
"ibv_org","ibv_org",3,0,0,3,2022-06-28
"ibv_org","IRTIC_UV",3,0,0,3,2022-06-28
"IDG_tv","UNESID",2,0,1,3,2022-06-28
"industry_arena","AEMAC_",3,0,0,3,2022-06-28
"industry_arena","ENCS_CyberSec",3,0,0,3,2022-06-28
"industry_arena","Eurecat_news",3,0,0,3,2022-06-28
"industry_arena","festo_global",3,0,0,3,2022-06-28
"industry_arena","HispaRob",3,0,0,3,2022-06-28
"industry_arena","HP",3,0,0,3,2022-06-28
"industry_arena","IAM3DHUB",3,0,0,3,2022-06-28
"industry_arena","interempresas",3,0,0,3,2022-06-28
"industry_arena","MundoEmpresas",3,0,0,3,2022-06-28
"industry_arena","NAutomatizacion",3,0,0,3,2022-06-28
"industry_arena","SECARTYS",3,0,0,3,2022-06-28
"innotransfer","aimplas",3,0,0,3,2022-06-28
"innotransfer","espaitec",3,0,0,3,2022-06-28
"int_automocio","aimplas",3,0,0,3,2022-06-28
"istobal_es","BancoSabadell",3,0,0,3,2022-06-28
"istobal_es","Grupo_Soledad",3,0,0,3,2022-06-28
"istobal_es","levante_emv",3,0,0,3,2022-06-28
"istobal_es","sabadellprensa",1,1,1,3,2022-06-28
"ItalyFoodTrade","ecoefishent",2,0,1,3,2022-06-28
"izarotech","ANARPLA",3,0,0,3,2022-06-28
"izarotech","Cicloplast_com",3,0,0,3,2022-06-28
"izarotech","GVAivace",3,0,0,3,2022-06-28
"izarotech","PlasticsEurope",2,0,1,3,2022-06-28
"JCGarcia_CDTI","aimplas",3,0,0,3,2022-06-28
"jealvarez","aimplas",3,0,0,3,2022-06-28
"juan_poti","1974mariajo",3,0,0,3,2022-06-28
"juan_poti","aimplas",3,0,0,3,2022-06-28
"juan_poti","AsociacinEmpre2",3,0,0,3,2022-06-28
"juan_poti","AvepAsociacion",3,0,0,3,2022-06-28
"juan_poti","FEPEVAL",3,0,0,3,2022-06-28
"juan_poti","htroyano_",3,0,0,3,2022-06-28
"juan_poti","xavivilamarxant",3,0,0,3,2022-06-28
"juan_poti","YouTube",3,0,0,3,2022-06-28
"KimitecGroup","InfoUMA",3,0,0,3,2022-06-28
"KimitecGroup","ualmeria",3,0,0,3,2022-06-28
"kmzerohub","ainiatecnologia",2,1,0,3,2022-06-28
"LowCarbonLATAM","aimplas",3,0,0,3,2022-06-28
"LowCarbonLATAM","LowCarbonLATAM",0,0,3,3,2022-06-28
"MartaEGMosquera","lualnu10",2,1,0,3,2022-06-28
"martarojo_","ainiatecnologia",3,0,0,3,2022-06-28
"martarojo_","EFE_CValenciana",3,0,0,3,2022-06-28
"Mateprincs","Mateprincs",1,0,2,3,2022-06-28
"materplat","ffe_es",2,0,1,3,2022-06-28
"maytedomingo_","ibv_org",3,0,0,3,2022-06-28
"maytedomingo_","ITC_ceramica",3,0,0,3,2022-06-28
"maytedomingo_","itene",3,0,0,3,2022-06-28
"maytedomingo_","valenciaplaza",3,0,0,3,2022-06-28
"MetalMadridEs","aimplas",3,0,0,3,2022-06-28
"NagrifoodClust","aimplas",3,0,0,3,2022-06-28
"NagrifoodClust","itene",3,0,0,3,2022-06-28
"NagrifoodClust","unav",3,0,0,3,2022-06-28
"NagrifoodClust","UNavarra",3,0,0,3,2022-06-28
"NagrifoodClust","Zabala_IC",3,0,0,3,2022-06-28
"NontoxProject","NontoxProject",2,0,1,3,2022-06-28
"Novamont","aimplas",3,0,0,3,2022-06-28
"Novamont_Iberia","Novamont",3,0,0,3,2022-06-28
"Novamont_Iberia","rpuigmore",3,0,0,3,2022-06-28
"OceanetsProject","ArviInnovapesca",3,0,0,3,2022-06-28
"OceanetsProject","ecoalf",3,0,0,3,2022-06-28
"OceanetsProject","EU_MARE",3,0,0,3,2022-06-28
"OceanetsProject","Vertidos_Cero",3,0,0,3,2022-06-28
"OCRValencia","OndaCero_es",3,0,0,3,2022-06-28
"osirisnetspain","RevistaRETEMA",2,1,0,3,2022-06-28
"Packnet_","Alimarket",3,0,0,3,2022-06-28
"Packnet_","ecoembes",3,0,0,3,2022-06-28
"Packnet_","EssentraPackES",3,0,0,3,2022-06-28
"Packnet_","Food4LifeSPAIN",3,0,0,3,2022-06-28
"Packnet_","Sealed_Air",3,0,0,3,2022-06-28
"Packnet_","UABBarcelona",3,0,0,3,2022-06-28
"petcoreeurope","ResiduosPro",2,0,1,3,2022-06-28
"pharmamarket","IISLaFe",3,0,0,3,2022-06-28
"Pinfa_EU","aimplas",2,0,1,3,2022-06-28
"PlasticsEuropES","BASF_ES",3,0,0,3,2022-06-28
"PlasticsEuropES","Repsol",3,0,0,3,2022-06-28
"PlasticsEuropES","SABIC",3,0,0,3,2022-06-28
"poscosecha","ainiatecnologia",3,0,0,3,2022-06-28
"preserve_h2020","Crowdhelix",3,0,0,3,2022-06-28
"preserve_h2020","preserve_h2020",1,0,2,3,2022-06-28
"PT3NEO","aimplas",3,0,0,3,2022-06-28
"PT3NEO","ClusterFPrint",3,0,0,3,2022-06-28
"pteco2","pteco2",1,2,0,3,2022-06-28
"reciclajeFER","aimplas",3,0,0,3,2022-06-28
"recircular_net","aimplas",3,0,0,3,2022-06-28
"recosol_pr","aimplas",3,0,0,3,2022-06-28
"Redit_es","Economia_3",3,0,0,3,2022-06-28
"Redit_es","masapa1982",3,0,0,3,2022-06-28
"Redit_es","OceanetsProject",3,0,0,3,2022-06-28
"Redit_es","valenciaplaza",3,0,0,3,2022-06-28
"Regmurcialimpia","AEMArm",3,0,0,3,2022-06-28
"REMADYL_EU","EU_EASME",2,0,1,3,2022-06-28
"revistaide","Cicloplast_com",3,0,0,3,2022-06-28
"revistaimcb","aimplas",2,0,1,3,2022-06-28
"RevistaMercados","ainiatecnologia",3,0,0,3,2022-06-28
"RevistaOlimerca","aimplas",2,0,1,3,2022-06-28
"RevistaRETEMA","osirisnetspain",3,0,0,3,2022-06-28
"sabadellprensa","aimplas",3,0,0,3,2022-06-28
"sabadellprensa","BancoSabadell",3,0,0,3,2022-06-28
"sabadellprensa","Grupo_Soledad",3,0,0,3,2022-06-28
"sabadellprensa","istobal_es",3,0,0,3,2022-06-28
"sabadellprensa","levante_emv",3,0,0,3,2022-06-28
"SagredoMarco","entidadPTV",3,0,0,3,2022-06-28
"SanchisFederico","aimplas",3,0,0,3,2022-06-28
"simbiosy","aimplas",2,0,1,3,2022-06-28
"SinerxiaPlus","ArviInnovapesca",2,0,1,3,2022-06-28
"somoscidec","PaisajeLimpio",3,0,0,3,2022-06-28
"SusanaPBadal","MAmbienteBP_UJI",2,0,1,3,2022-06-28
"SustainPlastics","TNO_Research",3,0,0,3,2022-06-28
"tecnalia","IndustryTalksES",2,0,1,3,2022-06-28
"Tecnifood","ainiatecnologia",3,0,0,3,2022-06-28
"Tecnifood","AvepAsociacion",3,0,0,3,2022-06-28
"Tecnifood","GVAavi",3,0,0,3,2022-06-28
"tecnoaqua","aimplas",2,0,1,3,2022-06-28
"ter4bithi4","ANAIP_es",3,0,0,3,2022-06-28
"ter4bithi4","Cicloplast_com",3,0,0,3,2022-06-28
"ter4bithi4","esplasticos",3,0,0,3,2022-06-28
"ter4bithi4","PlasticsEuropES",3,0,0,3,2022-06-28
"veredictas","alzamoragroup",3,0,0,3,2022-06-28
"veredictas","Crisiscreativa",3,0,0,3,2022-06-28
"veredictas","int_envase",3,0,0,3,2022-06-28
"veredictas","irubistudio",3,0,0,3,2022-06-28
"Vertidos_Cero","ecoalf",3,0,0,3,2022-06-28
"Vertidos_Cero","ECOTOX2",2,0,1,3,2022-06-28
"VLCTechCity","valenciaplaza",3,0,0,3,2022-06-28
"WaystupH2020","BIOCAR_CIEMAT",3,0,0,3,2022-06-28
"WaystupH2020","DraxisEnv",3,0,0,3,2022-06-28
"WaystupH2020","WaystupH2020",3,0,0,3,2022-06-28
"WomenInPlastic","aimplas",3,0,0,3,2022-06-28
"_asobiocom","ANAIP_es",2,0,0,2,2022-06-28
"_ITCL","AEPVBurgos",2,0,0,2,2022-06-28
"_ITCL","aimplas",2,0,0,2,2022-06-28
"_ITCL","empresasjcyl",2,0,0,2,2022-06-28
"1977moni","AlanisJuanmi",1,0,1,2,2022-06-28
"1977moni","Alfonsobao1",1,0,1,2,2022-06-28
"1977moni","hlgeuxit",1,0,1,2,2022-06-28
"1977moni","jmaciahortal",1,0,1,2,2022-06-28
"1977moni","joseantoniorui",1,0,1,2,2022-06-28
"1977moni","LuenaSaez",1,0,1,2,2022-06-28
"3Recycler","RevistaAlimenta",1,0,1,2,2022-06-28
"88Harleen","aimplas",1,0,1,2,2022-06-28
"aalbaperez","AIJU_Tecnologi",2,0,0,2,2022-06-28
"aalbaperez","ainiatecnologia",2,0,0,2,2022-06-28
"aalbaperez","aitex_es",2,0,0,2,2022-06-28
"aalbaperez","gbelenguer",1,0,1,2,2022-06-28
"aalbaperez","ibv_org",2,0,0,2,2022-06-28
"aalbaperez","InescopTech",2,0,0,2,2022-06-28
"AbelardoDuran","AbelardoDuran",0,2,0,2,2022-06-28
"acanocoloma","skrollerbelt",1,0,1,2,2022-06-28
"ADNTVagro","aimplas",2,0,0,2,2022-06-28
"ADNTVagro","ainiatecnologia",2,0,0,2,2022-06-28
"AdonaiHM","AIDIMME",2,0,0,2,2022-06-28
"AdonaiHM","AIJU_Tecnologi",2,0,0,2,2022-06-28
"AdonaiHM","aimplas",2,0,0,2,2022-06-28
"AdonaiHM","ainiatecnologia",2,0,0,2,2022-06-28
"AdonaiHM","aitex_es",2,0,0,2,2022-06-28
"AdonaiHM","Fedit",2,0,0,2,2022-06-28
"AdonaiHM","InescopTech",2,0,0,2,2022-06-28
"AdonaiHM","itenergia",2,0,0,2,2022-06-28
"AdvanFactories","aimplas",2,0,0,2,2022-06-28
"aec_es","AIN_Navarra",2,0,0,2,2022-06-28
"aec_es","Antolin_Oficial",2,0,0,2,2022-06-28
"aec_es","FCalidad",2,0,0,2,2022-06-28
"aec_es","GanvamOficial",2,0,0,2,2022-06-28
"aec_es","Gonvarri",2,0,0,2,2022-06-28
"aec_es","PolyWorks",2,0,0,2,2022-06-28
"AEMAC_","3Dnatives_ES",2,0,0,2,2022-06-28
"AEMAC_","adm_sevilla",1,1,0,2,2022-06-28
"AEMAC_","AEBALL_UPMBALL",2,0,0,2,2022-06-28
"AEMAC_","AerAutomation",2,0,0,2,2022-06-28
"AEMAC_","aiasasociacion",2,0,0,2,2022-06-28
"AEMAC_","AlestisAerospac",2,0,0,2,2022-06-28
"AEMAC_","CEPplast",2,0,0,2,2022-06-28
"AEMAC_","Cidaut",2,0,0,2,2022-06-28
"AEMAC_","CIDESIMX",2,0,0,2,2022-06-28
"AEMAC_","ClusterCICAT",2,0,0,2,2022-06-28
"AEMAC_","DANOBATGROUP",2,0,0,2,2022-06-28
"AEMAC_","DanobatSheetMet",2,0,0,2,2022-06-28
"AEMAC_","Eurosurfas",2,0,0,2,2022-06-28
"AEMAC_","GrupoOlmar",2,0,0,2,2022-06-28
"AEMAC_","HispaRob",2,0,0,2,2022-06-28
"AEMAC_","innovallcluster",2,0,0,2,2022-06-28
"AEMAC_","int_aeronautica",1,1,0,2,2022-06-28
"AEMAC_","intaespana",2,0,0,2,2022-06-28
"AEMAC_","mincoturgob",2,0,0,2,2022-06-28
"AEMAC_","MtorresRsc",2,0,0,2,2022-06-28
"AEMAC_","OceanetsProject",2,0,0,2,2022-06-28
"AEMAC_","Principia_Ing",2,0,0,2,2022-06-28
"AEMAC_","RECOTRANS_H2020",1,0,1,2,2022-06-28
"AEMAC_","SECARTYS",2,0,0,2,2022-06-28
"AEMAC_","tknika",2,0,0,2,2022-06-28
"AEMAC_","upvehu",2,0,0,2,2022-06-28
"AEMAC_","urjc",2,0,0,2,2022-06-28
"AEPVBurgos","_ITCL",2,0,0,2,2022-06-28
"AEPVBurgos","aimplas",2,0,0,2,2022-06-28
"AErasmusproject","eu_tender",2,0,0,2,2022-06-28
"AErasmusproject","NUIGalwayMed",2,0,0,2,2022-06-28
"afaquim_asoc","aimplas",1,0,1,2,2022-06-28
"agapi_comunica","PlatinoEduca",1,0,1,2,2022-06-28
"AgoraScience","ANARPLA",1,0,1,2,2022-06-28
"AgoraScience","Cicloplast_com",2,0,0,2,2022-06-28
"AgoraScience","DaleVida_Plaas",1,1,0,2,2022-06-28
"AgoraScience","Leitat",2,0,0,2,2022-06-28
"agrochemie","acibGmbH",2,0,0,2,2022-06-28
"agrochemie","aimplas",2,0,0,2,2022-06-28
"agrochemie","Bioplastech",2,0,0,2,2022-06-28
"agrochemie","EU_H2020",2,0,0,2,2022-06-28
"agrochemie","fz_juelich",2,0,0,2,2022-06-28
"agrochemie","LeibnizHKI",2,0,0,2,2022-06-28
"agrochemie","RWTH",2,0,0,2,2022-06-28
"agrochemie","SustainableInnE",2,0,0,2,2022-06-28
"agrochemie","TECNARO_GmbH",2,0,0,2,2022-06-28
"agrochemie","ucddublin",2,0,0,2,2022-06-28
"AgroNewsCV","GVAivace",2,0,0,2,2022-06-28
"aguaresiduales","aimplas",2,0,0,2,2022-06-28
"AIJU_Tecnologi","GVAlabora",2,0,0,2,2022-06-28
"AIJU_Tecnologi","manudbto",1,0,1,2,2022-06-28
"AIJU_Tecnologi","RachelRock2",1,0,1,2,2022-06-28
"AIJU_Tecnologi","Redit_es",1,0,1,2,2022-06-28
"aimplas","3Dnatives_ES",2,0,0,2,2022-06-28
"aimplas","aec_es",2,0,0,2,2022-06-28
"aimplas","esplasticos",1,0,1,2,2022-06-28
"aimplas","GVAivace",2,0,0,2,2022-06-28
"aimplas","IndustrialesCV",1,0,1,2,2022-06-28
"aimplas","PackagingEurope",2,0,0,2,2022-06-28
"aimplas","ReportsMarkets",2,0,0,2,2022-06-28
"aimplas","universitatURV",2,0,0,2,2022-06-28
"aimplas","UPV",1,0,1,2,2022-06-28
"aimplas","urjc",2,0,0,2,2022-06-28
"ainiatecnologia","ANAIP_es",2,0,0,2,2022-06-28
"ainiatecnologia","ANARPLA",2,0,0,2,2022-06-28
"ainiatecnologia","iambiente",2,0,0,2,2022-06-28
"ainiatecnologia","Leygatech1",1,0,1,2,2022-06-28
"ainiatecnologia","RSM_es",2,0,0,2,2022-06-28
"AIPIAcongress","3dclickclick",2,0,0,2,2022-06-28
"AIPIAcongress","AbbottGlobal",2,0,0,2,2022-06-28
"AIPIAcongress","Abigail__Dixon",2,0,0,2,2022-06-28
"AIPIAcongress","Accenture",2,0,0,2,2022-06-28
"AIPIAcongress","Advanced_TT",2,0,0,2,2022-06-28
"AIPIAcongress","AgriFoodX",2,0,0,2,2022-06-28
"AIPIAcongress","aimplas",2,0,0,2,2022-06-28
"ait_research","BioengPT",2,0,0,2,2022-06-28
"ait_research","chemengntua",2,0,0,2,2022-06-28
"ait_research","EU_Commission",2,0,0,2,2022-06-28
"ait_research","LimerickIT",2,0,0,2,2022-06-28
"ait_research","MRI_AthloneIT",2,0,0,2,2022-06-28
"ait_research","tcddublin",2,0,0,2,2022-06-28
"AlanisJuanmi","1977moni",1,0,1,2,2022-06-28
"ALBAsynchrotron","khaqanshati",1,0,1,2,2022-06-28
"AlbertoHerran15","SagredoMarco",1,0,1,2,2022-06-28
"alcaide_mkt","PactoMundial",1,0,1,2,2022-06-28
"Alfonsobao1","1974mariajo",2,0,0,2,2022-06-28
"Alfonsobao1","aimplas",2,0,0,2,2022-06-28
"Alfonsobao1","AsociacinEmpre2",2,0,0,2,2022-06-28
"Alfonsobao1","AvepAsociacion",2,0,0,2,2022-06-28
"Alfonsobao1","FEPEVAL",2,0,0,2,2022-06-28
"Alfonsobao1","htroyano_",2,0,0,2,2022-06-28
"Alfonsobao1","xavivilamarxant",2,0,0,2,2022-06-28
"Alfonsobao1","YouTube",2,0,0,2,2022-06-28
"Alvaro_Eslu","ainiatecnologia",2,0,0,2,2022-06-28
"Alvaro_Eslu","CDTIoficial",2,0,0,2,2022-06-28
"Alvaro_Eslu","GVAavi",2,0,0,2,2022-06-28
"Alvaro_Eslu","IDAEA_CSIC",2,0,0,2,2022-06-28
"Alvaro_Eslu","ITC_ceramica",1,0,1,2,2022-06-28
"Alvaro_Eslu","mincoturgob",2,0,0,2,2022-06-28
"Alvaro_Eslu","sost_cdti",2,0,0,2,2022-06-28
"Amgarve","aimplas",1,0,1,2,2022-06-28
"anacanoarribas","Benihort",2,0,0,2,2022-06-28
"anacanoarribas","IBMCP",2,0,0,2,2022-06-28
"ANAIP_es","ainiatecnologia",2,0,0,2,2022-06-28
"ANAIP_es","CEIS_spain",2,0,0,2,2022-06-28
"ANAIP_es","DANOSA_SPAIN",2,0,0,2,2022-06-28
"ANAIP_es","RecicladosLaRed",2,0,0,2,2022-06-28
"ANAIP_es","SABIC",2,0,0,2,2022-06-28
"anape_eps","esplasticos",1,0,1,2,2022-06-28
"anape_eps","Feique_ES",2,0,0,2,2022-06-28
"AndreaCasoF","Redit_es",1,0,1,2,2022-06-28
"andresgilnogues","aimplas",2,0,0,2,2022-06-28
"andresgilnogues","AvepAsociacion",2,0,0,2,2022-06-28
"andresgilnogues","Feria_Valencia",2,0,0,2,2022-06-28
"andybajb","SatAppsCatapult",1,0,1,2,2022-06-28
"ANIPAC_AC","aimplas",2,0,0,2,2022-06-28
"AnjanaLeon","CentrosCex",1,0,1,2,2022-06-28
"AnsiaDe","aimplas",2,0,0,2,2022-06-28
"AnsiaDe","ANAIP_es",1,0,1,2,2022-06-28
"AnsiaDe","asegre01",1,0,1,2,2022-06-28
"apk_ag","PlasticsEurope",1,1,0,2,2022-06-28
"AristosInfo","ai_eic",1,0,1,2,2022-06-28
"Arturolarena","aimplas",2,0,0,2,2022-06-28
"Arturolarena","ainiatecnologia",2,0,0,2,2022-06-28
"Arturolarena","FGlobalNature",2,0,0,2,2022-06-28
"ArviInnovapesca","aimplas",2,0,0,2,2022-06-28
"ArviInnovapesca","ecoalf",2,0,0,2,2022-06-28
"ArviInnovapesca","uvigo",2,0,0,2,2022-06-28
"ArviInnovapesca","Vertidos_Cero",2,0,0,2,2022-06-28
"Ascensi44734450","Cicloplast_com",1,0,1,2,2022-06-28
"AseTUB","ANAIP_es",2,0,0,2,2022-06-28
"Asturicae","MartaEGMosquera",1,0,1,2,2022-06-28
"atmbiopro","UNLOCK_BBI",1,0,1,2,2022-06-28
"automatica_","aimplas",2,0,0,2,2022-06-28
"AutPortValencia","aivp_net",2,0,0,2,2022-06-28
"AutPortValencia","AjuntamentVLC",2,0,0,2,2022-06-28
"AutPortValencia","caixabank",2,0,0,2,2022-06-28
"AutPortValencia","CMplastik",2,0,0,2,2022-06-28
"AutPortValencia","ESPOSecretariat",2,0,0,2,2022-06-28
"AutPortValencia","FundacionBcja",2,0,0,2,2022-06-28
"AutPortValencia","Vertidos_Cero",2,0,0,2,2022-06-28
"AVEmpresarios","garcia_saludes",2,0,0,2,2022-06-28
"AVEmpresarios","Redit_es",1,0,1,2,2022-06-28
"Baliht_EU","inea_eu",1,1,0,2,2022-06-28
"basurasmarinas","basurasmarinas",0,0,2,2,2022-06-28
"basurasmarinas","PlasticsEuropES",2,0,0,2,2022-06-28
"bcndentalshow","aimplas",1,0,1,2,2022-06-28
"bealopezromero","aimplas",2,0,0,2,2022-06-28
"Bel21108685","aimplas",1,0,1,2,2022-06-28
"Benihort","aimplas",2,0,0,2,2022-06-28
"Benihort","IBMCP",2,0,0,2,2022-06-28
"BeonNAT_H2020","ipbraganca",2,0,0,2,2022-06-28
"BIGBANInversion","aimplas",2,0,0,2,2022-06-28
"BIGBANInversion","PCientificoAlic",2,0,0,2,2022-06-28
"Bio_Markets","BioSupPack_BBI",1,0,1,2,2022-06-28
"BIOnTop_Project","EUBioplastics",1,1,0,2,2022-06-28
"bioplasticsmag","aimplas",2,0,0,2,2022-06-28
"BioSenseRS","WaystupH2020",1,1,0,2,2022-06-28
"BiotechAndrew","aimplas",2,0,0,2,2022-06-28
"BIOVAL_es","AIDIMME",2,0,0,2,2022-06-28
"BIOVAL_es","Biopolis_SL",2,0,0,2,2022-06-28
"BIOVAL_es","BIOVAL_es",2,0,0,2,2022-06-28
"BIOVAL_es","DarwinBioprosp",2,0,0,2,2022-06-28
"BIOVAL_es","GVAeconomia",2,0,0,2,2022-06-28
"BIOVAL_es","iata_csic",2,0,0,2,2022-06-28
"BioVale_Cluster","Agrimax_EU",1,0,1,2,2022-06-28
"BlueMedEU","aimplas",2,0,0,2,2022-06-28
"BlueMedEU","azti_brta",2,0,0,2,2022-06-28
"BlueMedEU","BlueMedEU",0,0,2,2,2022-06-28
"BlueMedEU","CiimarUp",2,0,0,2,2022-06-28
"botellas_eco","aimplas",2,0,0,2,2022-06-28
"bruin_bas","KLEIJ_ICIQ",1,0,1,2,2022-06-28
"ca_poblats","lamarinadevlc",1,0,1,2,2022-06-28
"cabocla2001","Feique_ES",1,0,1,2,2022-06-28
"Cajamar","launioncorp",2,0,0,2,2022-06-28
"Cajamar","NomenFoods",1,1,0,2,2022-06-28
"carlosgarcia_85","ainiatecnologia",1,1,0,2,2022-06-28
"carlosruizsaenz","aimplas",1,0,1,2,2022-06-28
"CathrineBarth","CEStakeholderEU",1,0,1,2,2022-06-28
"cdcampo1","garcia_saludes",2,0,0,2,2022-06-28
"cdcampo1","gbelenguer",2,0,0,2,2022-06-28
"cdcampo1","OceanetsProject",2,0,0,2,2022-06-28
"CdeCarnica","sagrosus",2,0,0,2,2022-06-28
"CdeCarnica","Salvy_FoToLoSaL",1,0,1,2,2022-06-28
"CdeCarnica","vayavacacom",2,0,0,2,2022-06-28
"CDTI_innovacion","aimplas",2,0,0,2,2022-06-28
"CDTIoficial","aimplas",2,0,0,2,2022-06-28
"ceei","AIDIMME",2,0,0,2,2022-06-28
"ceei","AIJU_Tecnologi",2,0,0,2,2022-06-28
"ceei","aitex_es",2,0,0,2,2022-06-28
"ceei","GVAavi",2,0,0,2,2022-06-28
"ceei","InescopTech",2,0,0,2,2022-06-28
"ceei","Redit_es",2,0,0,2,2022-06-28
"ceeivalencia","AIDIMME",2,0,0,2,2022-06-28
"ceeivalencia","aitex_es",2,0,0,2,2022-06-28
"ceeivalencia","InescopTech",2,0,0,2,2022-06-28
"CEPplast","industry_arena",1,0,1,2,2022-06-28
"CEPplast","veredictas",1,0,1,2,2022-06-28
"CetecCentro","ainiatecnologia",1,1,0,2,2022-06-28
"ChemMouse","KLEIJ_ICIQ",1,0,1,2,2022-06-28
"CheriChuang","Novamont_Iberia",1,0,1,2,2022-06-28
"chimie_ISCR","KLEIJ_ICIQ",1,1,0,2,2022-06-28
"Cicloplast_com","ANARPLA",2,0,0,2,2022-06-28
"Cicloplast_com","AvepAsociacion",2,0,0,2,2022-06-28
"Cicloplast_com","Cicloplast_com",0,0,2,2,2022-06-28
"Cicloplast_com","esplasticos",0,2,0,2,2022-06-28
"Cicloplast_com","Hispackbcn",2,0,0,2,2022-06-28
"Cicloplast_com","PlasticsEuropES",2,0,0,2,2022-06-28
"Cidaut","CDTI_innovacion",2,0,0,2,2022-06-28
"Cidaut","osirisnetspain",2,0,0,2,2022-06-28
"cinea_eu","aimplas",2,0,0,2,2022-06-28
"cinea_eu","OceanetsProject",2,0,0,2,2022-06-28
"CircolarMenteNS","aimplas",2,0,0,2,2022-06-28
"ClusterFPrint","Rev_Pressgraph",1,1,0,2,2022-06-28
"COEXPAN_","aimplas",2,0,0,2,2022-06-28
"ColegioSalliver","aimplas",2,0,0,2,2022-06-28
"Colquimva","Colquimva",2,0,0,2,2022-06-28
"COMERCIALGODO","PlasticsEuropES",1,0,1,2,2022-06-28
"CompositesSpain","aimplas",2,0,0,2,2022-06-28
"CompositesSpain","CompositesSpain",2,0,0,2,2022-06-28
"CompositesSpain","MetalMadridEs",2,0,0,2,2022-06-28
"CONSTRUIBLE","aimplas",2,0,0,2,2022-06-28
"ContelLab","KLEIJ_ICIQ",1,0,1,2,2022-06-28
"CoopsAgroCV","aimplas",2,0,0,2,2022-06-28
"CoralieJehanno","Feique_ES",1,1,0,2,2022-06-28
"CosmeticLatam","aimplas",2,0,0,2,2022-06-28
"CozAlberto","ResiduosPro",2,0,0,2,2022-06-28
"CPWS_EROWA_3R","aimplas",1,0,1,2,2022-06-28
"CristiS21698039","CocaColaEP_es",1,0,1,2,2022-06-28
"cruz18_ferney","aimplas",2,0,0,2,2022-06-28
"cruz18_ferney","ANAIP_es",1,1,0,2,2022-06-28
"CticCita","Cajamar",1,1,0,2,2022-06-28
"CVI_V3","aimplas",2,0,0,2,2022-06-28
"Damocle12183353","anquequimicos",1,0,1,2,2022-06-28
"DaniDiegoGar75","1977moni",1,0,1,2,2022-06-28
"DarwinBioprosp","CSIC",2,0,0,2,2022-06-28
"DarwinBioprosp","DarwinBioprosp",0,0,2,2,2022-06-28
"DarwinBioprosp","GVAavi",2,0,0,2,2022-06-28
"DarwinBioprosp","ManuelPorcar1",2,0,0,2,2022-06-28
"davidorreta","davidorreta",0,0,2,2,2022-06-28
"davidorreta","UV_EG",2,0,0,2,2022-06-28
"Daype98","aimplas",2,0,0,2,2022-06-28
"deborahciencia","PilMontana",1,0,1,2,2022-06-28
"DevsPunkClub","Cicloplast_com",1,0,1,2,2022-06-28
"DGreenblogger","DGreenblogger",0,0,2,2,2022-06-28
"DGreenblogger","PERCAL_Project",2,0,0,2,2022-06-28
"DisenoCiudad","aimplas",2,0,0,2,2022-06-28
"disruptores_inn","Javarnau",2,0,0,2,2022-06-28
"disruptores_inn","UV_EG",2,0,0,2,2022-06-28
"DominoPrint_ES","Mundoplast",1,0,1,2,2022-06-28
"DominoPrint_ES","RevistaInfopack",1,0,1,2,2022-06-28
"DominoPrint_Mx","aimplas",1,0,1,2,2022-06-28
"Dora00051","Cicloplast_com",1,0,1,2,2022-06-28
"DriadeSM","expoquimia",1,0,1,2,2022-06-28
"DriadeSM","gremirecupera",2,0,0,2,2022-06-28
"DriadeSM","LAB_Ecoinnova",2,0,0,2,2022-06-28
"DulcesNoticias","aimplas",2,0,0,2,2022-06-28
"EcoconstruMag","aimplas",2,0,0,2,2022-06-28
"Economia_3","Economia_3",0,0,2,2,2022-06-28
"ecoticiasRED","aimplas",2,0,0,2,2022-06-28
"ECOTOX2","aimplas",2,0,0,2,2022-06-28
"ECOTOX2","FBiodiversidad",2,0,0,2,2022-06-28
"ECOTOX2","FValenciaport",2,0,0,2,2022-06-28
"ECOTOX2","uvigo",2,0,0,2,2022-06-28
"EDICIONESSIBILA","AIDIMME",2,0,0,2,2022-06-28
"EDICIONESSIBILA","aimplas",2,0,0,2,2022-06-28
"EDICIONESSIBILA","InescopTech",2,0,0,2,2022-06-28
"edpemo","AgoraScience",1,0,1,2,2022-06-28
"EduTorregrosa12","skrollerbelt",1,0,1,2,2022-06-28
"EFE_CValenciana","ainiatecnologia",2,0,0,2,2022-06-28
"EFEcomunica","aimplas",2,0,0,2,2022-06-28
"elEconomistaCV","Redit_es",2,0,0,2,2022-06-28
"ElFiscalGodot","Cicloplast_com",1,0,1,2,2022-06-28
"elperiodic","Actecosl",2,0,0,2,2022-06-28
"elperiodic","aimplas",2,0,0,2,2022-06-28
"emprenemjunts","aitex_es",2,0,0,2,2022-06-28
"emprenemjunts","GVAavi",2,0,0,2,2022-06-28
"emprenemjunts","GVAeconomia",2,0,0,2,2022-06-28
"emprenemjunts","GVAivace",2,0,0,2,2022-06-28
"emprenemjunts","IndustrialesCV",2,0,0,2,2022-06-28
"emprenemjunts","InescopTech",2,0,0,2,2022-06-28
"emprenemjunts","UPV",2,0,0,2,2022-06-28
"enQestamosanque","ENAC_acredita",1,0,1,2,2022-06-28
"EPCValenciana","aimplas",2,0,0,2,2022-06-28
"Equiplast","amec_asoc",2,0,0,2,2022-06-28
"Equiplast","Equiplast",2,0,0,2,2022-06-28
"Equiplast","Feique_ES",2,0,0,2,2022-06-28
"Equiplast","FuturEnviro",2,0,0,2,2022-06-28
"Equiplast","i_plastico",2,0,0,2,2022-06-28
"Equiplast","Mundoplast",2,0,0,2,2022-06-28
"Equiplast","Pilar_Navarro",2,0,0,2,2022-06-28
"Equiplast","PlasticsEurope",2,0,0,2,2022-06-28
"Erumgroup","aimplas",2,0,0,2,2022-06-28
"Erumgroup","GVAavi",2,0,0,2,2022-06-28
"escamilla50","ceeivalencia",2,0,0,2,2022-06-28
"escamilla50","generalitat",2,0,0,2,2022-06-28
"escamilla50","Startup_VLC",2,0,0,2,2022-06-28
"esplasticos","ANARPLA",2,0,0,2,2022-06-28
"esplasticos","esplasticos",2,0,0,2,2022-06-28
"esplasticos","Feique_ES",1,1,0,2,2022-06-28
"esplasticos","PlasticsEuropES",2,0,0,2,2022-06-28
"ETSEUV","aimplas",2,0,0,2,2022-06-28
"ETSEUV","ETSEUV",0,0,2,2,2022-06-28
"EUBioplastics","AseBio",2,0,0,2,2022-06-28
"EUBioplastics","EU_Commission",2,0,0,2,2022-06-28
"excedentesolar","BrigadistaR",1,0,1,2,2022-06-28
"FabricaPodcast","aimplas",2,0,0,2,2022-06-28
"FabricaPodcast","ITC_ceramica",1,0,1,2,2022-06-28
"FabricaPodcast","Redit_es",2,0,0,2,2022-06-28
"Fedit","AIDIMME",2,0,0,2,2022-06-28
"Fedit","aiglesiasfraga",2,0,0,2,2022-06-28
"Fedit","CETEM_CT",2,0,0,2,2022-06-28
"Fedit","disruptores_inn",1,1,0,2,2022-06-28
"Fedit","Eurecat_news",2,0,0,2,2022-06-28
"Fedit","GVAivace",2,0,0,2,2022-06-28
"Feique_ES","mitecogob",2,0,0,2,2022-06-28
"Feique_ES","RevistaRETEMA",1,1,0,2,2022-06-28
"Feique_ES","SusChemSpain",2,0,0,2,2022-06-28
"Ferfollos","Regmurcialimpia",1,0,1,2,2022-06-28
"Fernando_Ca_63","aimplas",2,0,0,2,2022-06-28
"FEVEC_Valencia","FEVEC_Valencia",2,0,0,2,2022-06-28
"ffe_es","CienciaGob",2,0,0,2,2022-06-28
"ffe_es","ImdeaMaterials",2,0,0,2,2022-06-28
"ffe_es","NavantiaOficial",2,0,0,2,2022-06-28
"fgirona","anacanoarribas",1,0,1,2,2022-06-28
"FGlobalis","aimplas",2,0,0,2,2022-06-28
"FIDAMC_","aimplas",2,0,0,2,2022-06-28
"fihguv","aimplas",2,0,0,2,2022-06-28
"fihguv","GVAavi",2,0,0,2,2022-06-28
"fihguv","ibv_org",2,0,0,2,2022-06-28
"FlotantProject","ITA_RWTHAachen",2,0,0,2,2022-06-28
"Food4LifeSPAIN","CDTI_innovacion",2,0,0,2,2022-06-28
"Food4LifeSPAIN","Fuelium_",2,0,0,2,2022-06-28
"Food4LifeSPAIN","packcluster",2,0,0,2,2022-06-28
"FormarEnSenegal","ainiatecnologia",2,0,0,2,2022-06-28
"FormarEnSenegal","Redit_es",1,0,1,2,2022-06-28
"ForoQyS","ainiatecnologia",2,0,0,2,2022-06-28
"ForoQyS","Cicloplast_com",2,0,0,2,2022-06-28
"ForoQyS","Redit_es",1,1,0,2,2022-06-28
"ForoQyS","SABIC",2,0,0,2,2022-06-28
"fruittoday","fkurpolymers",2,0,0,2,2022-06-28
"fruittoday","launioncorp",2,0,0,2,2022-06-28
"fruittoday","LyondellBasell",2,0,0,2,2022-06-28
"fruittoday","Novamont",2,0,0,2,2022-06-28
"fruittoday","PalcongresVLC",2,0,0,2,2022-06-28
"fruittoday","Veolia",2,0,0,2,2022-06-28
"Fryjole","CDTIoficial",1,0,1,2,2022-06-28
"Fryjole","EmbEspTurquia",2,0,0,2,2022-06-28
"FundacionECOTIC","aimplas",2,0,0,2,2022-06-28
"FuturEnviro","Actecosl",2,0,0,2,2022-06-28
"FuturEnviro","ANARPLA",2,0,0,2,2022-06-28
"FuturEnviro","Benihort",2,0,0,2,2022-06-28
"FuturEnviro","CarmofProject",2,0,0,2,2022-06-28
"FuturEnviro","CMplastik",2,0,0,2,2022-06-28
"FuturEnviro","GlobalOmnium",2,0,0,2,2022-06-28
"FuturEnviro","IBMCP",2,0,0,2,2022-06-28
"FuturEnviro","TeknikerOficial",2,0,0,2,2022-06-28
"GAIKER_BRTA","gaiker",1,0,1,2,2022-06-28
"GBDC78","Actuenviro",1,0,1,2,2022-06-28
"gbelenguer","aalbaperez",1,0,1,2,2022-06-28
"gbelenguer","AIDIMME",2,0,0,2,2022-06-28
"gbelenguer","AIJU_Tecnologi",2,0,0,2,2022-06-28
"gbelenguer","ainiatecnologia",2,0,0,2,2022-06-28
"gbelenguer","aitex_es",2,0,0,2,2022-06-28
"gbelenguer","esquerrapv",1,0,1,2,2022-06-28
"gbelenguer","GVAinnova",2,0,0,2,2022-06-28
"gbelenguer","InescopTech",2,0,0,2,2022-06-28
"gbelenguer","itene",2,0,0,2,2022-06-28
"gbelenguer","ITI_TIC",2,0,0,2,2022-06-28
"gbelenguer","javiergarciamar",1,0,1,2,2022-06-28
"gbelenguer","OCRValencia",2,0,0,2,2022-06-28
"GestionGirsa","UPV",2,0,0,2,2022-06-28
"GFioraniChem","KLEIJ_ICIQ",1,0,1,2,2022-06-28
"GimenoGroup","MartaEGMosquera",1,0,1,2,2022-06-28
"GlobalOmnium","capasvil",2,0,0,2,2022-06-28
"GlobalOmnium","GlobalOmnium",2,0,0,2,2022-06-28
"GlobalOmnium","GVAavi",2,0,0,2,2022-06-28
"GlobalOmnium","GVAinnova",2,0,0,2,2022-06-28
"GlobalOmnium","UVa_es",2,0,0,2,2022-06-28
"GoHubTech","aganovagrupo",2,0,0,2,2022-06-28
"GoHubTech","EosOrbital",2,0,0,2,2022-06-28
"GoHubTech","GlobalOmnium",2,0,0,2,2022-06-28
"GoHubTech","lasprovincias",2,0,0,2,2022-06-28
"GoHubTech","LinkenerSpain",2,0,0,2,2022-06-28
"GRACE_BBI","Agrimax_EU",1,0,1,2,2022-06-28
"GrupoSorollaEdu","aimplas",2,0,0,2,2022-06-28
"GrupoSorollaEdu","Club_Excelencia",1,0,1,2,2022-06-28
"GrupoSorollaEdu","ColegioSalliver",2,0,0,2,2022-06-28
"GrupoTHM","aimplas",2,0,0,2,2022-06-28
"GrupTERSA","aimplas",1,0,1,2,2022-06-28
"GVAavi","Cooplliria",2,0,0,2,2022-06-28
"GVAavi","HospitalLaFe",2,0,0,2,2022-06-28
"GVAavi","UA_Universitat",2,0,0,2,2022-06-28
"GVAeconomia","ainiatecnologia",2,0,0,2,2022-06-28
"GVAeconomia","GVAeconomia",0,0,2,2,2022-06-28
"GVAeconomia","Julia_company",2,0,0,2,2022-06-28
"GVAeconomia","Rafa_Climentg",2,0,0,2,2022-06-28
"GVAeconomia","rafacliment_",2,0,0,2,2022-06-28
"GVAivace","AIJU_Tecnologi",2,0,0,2,2022-06-28
"GVAivace","ainiatecnologia",2,0,0,2,2022-06-28
"GVAivace","aitex_es",2,0,0,2,2022-06-28
"GVAivace","InescopTech",2,0,0,2,2022-06-28
"GVAivace","itene",2,0,0,2,2022-06-28
"GVAivace","itenergia",2,0,0,2,2022-06-28
"GVAivace","ITI_TIC",2,0,0,2,2022-06-28
"GVAivace","seimedcv",1,1,0,2,2022-06-28
"GVAivace","skrollerbelt",2,0,0,2,2022-06-28
"GVAportaveu","AIDIMME",2,0,0,2,2022-06-28
"GVAportaveu","AIJU_Tecnologi",2,0,0,2,2022-06-28
"GVAportaveu","aimplas",2,0,0,2,2022-06-28
"GVAportaveu","aitex_es",2,0,0,2,2022-06-28
"GVAportaveu","InescopTech",2,0,0,2,2022-06-28
"H2020_Partner","IreneLarroy",2,0,0,2,2022-06-28
"H2020_Partner","talk2much12",1,0,1,2,2022-06-28
"HABRILAN","aitex_es",2,0,0,2,2022-06-28
"HABRILAN","CDTIoficial",2,0,0,2,2022-06-28
"HABRILAN","CMplastik",2,0,0,2,2022-06-28
"HABRILAN","Colquimva",2,0,0,2,2022-06-28
"HABRILAN","Eurecat_news",2,0,0,2,2022-06-28
"HABRILAN","InescopTech",2,0,0,2,2022-06-28
"HacesMas","FuturEnviro",1,0,1,2,2022-06-28
"hasta_el_lunes","aimplas",2,0,0,2,2022-06-28
"hasta_el_lunes","reverdeconcausa",1,0,1,2,2022-06-28
"healthioglobal","CIMTI_cat",1,0,1,2,2022-06-28
"heroes_urbanos","aimplas",2,0,0,2,2022-06-28
"Hispackbcn","stanpa_es",2,0,0,2,2022-06-28
"Hispackbcn","SuArranz",2,0,0,2,2022-06-28
"hlgeuxit","1977moni",1,0,1,2,2022-06-28
"iambiente","Redit_es",2,0,0,2,2022-06-28
"IBMCP","aimplas",2,0,0,2,2022-06-28
"IBMCP","Benihort",2,0,0,2,2022-06-28
"IBMCP","IBMCP",2,0,0,2,2022-06-28
"idainature","aimplas",2,0,0,2,2022-06-28
"IDG_tv","ADEMI_Informa",2,0,0,2,2022-06-28
"IDG_tv","AIDIMME",2,0,0,2,2022-06-28
"IDG_tv","aimplas",2,0,0,2,2022-06-28
"IDG_tv","ainiatecnologia",2,0,0,2,2022-06-28
"IDG_tv","CEPCO_es",2,0,0,2,2022-06-28
"IDG_tv","confemetal",2,0,0,2,2022-06-28
"IDG_tv","esFIAB",2,0,0,2,2022-06-28
"IDG_tv","FedeconModa",2,0,0,2,2022-06-28
"IDG_tv","Fedit",2,0,0,2,2022-06-28
"IDG_tv","itene",2,0,0,2,2022-06-28
"IDG_tv","sernauto",2,0,0,2,2022-06-28
"IDG_tv","SocEspCeramVidr",2,0,0,2,2022-06-28
"iiama_upv","GVAavi",2,0,0,2,2022-06-28
"impulsa_ciu","CTplasUy",1,1,0,2,2022-06-28
"InboplastMx","aimplas",1,0,1,2,2022-06-28
"industry_arena","AEBALL_UPMBALL",2,0,0,2,2022-06-28
"industry_arena","AerAutomation",2,0,0,2,2022-06-28
"industry_arena","aiasasociacion",2,0,0,2,2022-06-28
"industry_arena","CEPplast",2,0,0,2,2022-06-28
"industry_arena","ClusterCICAT",2,0,0,2,2022-06-28
"industry_arena","innovallcluster",2,0,0,2,2022-06-28
"IndustryTalksES","Airbus",2,0,0,2,2022-06-28
"IndustryTalksES","Titania_aero",2,0,0,2,2022-06-28
"IndustryTalksES","ZiurComposites",2,0,0,2,2022-06-28
"Inn_Somnia","aimplas",2,0,0,2,2022-06-28
"Inn_Somnia","caixabank",2,0,0,2,2022-06-28
"Inn_Somnia","FundacionBcja",2,0,0,2,2022-06-28
"innotransfer","GVAavi",2,0,0,2,2022-06-28
"InnowayST","aimplas",2,0,0,2,2022-06-28
"iolunadeJupiter","CSIC",1,0,1,2,2022-06-28
"IPM2_paris","aimplas",2,0,0,2,2022-06-28
"IPM2_paris","filigrade",2,0,0,2,2022-06-28
"IPM2_paris","sol_rec2",2,0,0,2,2022-06-28
"IreneLarroy","ai_eic",2,0,0,2,2022-06-28
"IreneLarroy","AristosInfo",1,0,1,2,2022-06-28
"iResiduo","UVa_es",2,0,0,2,2022-06-28
"istobal_es","GVAeconomia",1,0,1,2,2022-06-28
"ISWA_org","aimplas",2,0,0,2,2022-06-28
"ISWA_org","Centexbel",2,0,0,2,2022-06-28
"ISWA_org","DECOATEU",2,0,0,2,2022-06-28
"ISWA_org","RESCOLL",2,0,0,2,2022-06-28
"ITACYL","aimplas",2,0,0,2,2022-06-28
"ITACYL","FGULEM",2,0,0,2,2022-06-28
"ITACYL","fgusal",2,0,0,2,2022-06-28
"ITACYL","FundacionUBU",2,0,0,2,2022-06-28
"ITACYL","fungeuva",2,0,0,2,2022-06-28
"ItalyFoodTrade","aimplas",2,0,0,2,2022-06-28
"ItalyFoodTrade","Amp_Portofino",2,0,0,2,2022-06-28
"ItalyFoodTrade","ARC2020eu",2,0,0,2,2022-06-28
"ItalyFoodTrade","ARPALiguria",2,0,0,2,2022-06-28
"ItalyFoodTrade","cibmlivorno",2,0,0,2,2022-06-28
"ItalyFoodTrade","Coopitalia",2,0,0,2,2022-06-28
"ItalyFoodTrade","CProplast",2,0,0,2,2022-06-28
"ItalyFoodTrade","ECVC1",2,0,0,2,2022-06-28
"ItalyFoodTrade","FAOfish",2,0,0,2,2022-06-28
"ItalyFoodTrade","FIANista",2,0,0,2,2022-06-28
"ItalyFoodTrade","IFPRI",2,0,0,2,2022-06-28
"ItalyFoodTrade","jwojc",2,0,0,2,2022-06-28
"ItalyFoodTrade","lemonde_planete",2,0,0,2,2022-06-28
"ItalyFoodTrade","nofima",2,0,0,2,2022-06-28
"ItalyFoodTrade","pewglobal",2,0,0,2,2022-06-28
"ItalyFoodTrade","Pouvoirdesidees",2,0,0,2,2022-06-28
"ItalyFoodTrade","primaitaly",2,0,0,2,2022-06-28
"ItalyFoodTrade","PrimaProgram",2,0,0,2,2022-06-28
"ItalyFoodTrade","sthlmresilience",2,0,0,2,2022-06-28
"ItalyFoodTrade","Ticass2012",2,0,0,2,2022-06-28
"ItalyFoodTrade","ubarilan",2,0,0,2,2022-06-28
"ItalyFoodTrade","UnescoChairFood",2,0,0,2,2022-06-28
"ItalyFoodTrade","WWFitalia",2,0,0,2,2022-06-28
"itauk1","aimplas",1,0,1,2,2022-06-28
"itauk1","EurofinsMegalab",2,0,0,2,2022-06-28
"ITC_ceramica","CienciaGob",2,0,0,2,2022-06-28
"ITC_ceramica","GVAavi",2,0,0,2,2022-06-28
"itenergia","grupoenercoop",2,0,0,2,2022-06-28
"itenergia","sapiensenergia",2,0,0,2,2022-06-28
"ITQ_UPVCSIC","aimplas",2,0,0,2,2022-06-28
"ITQ_UPVCSIC","GVAavi",2,0,0,2,2022-06-28
"ITQ_UPVCSIC","IISLaFe",2,0,0,2,2022-06-28
"ITQ_UPVCSIC","ITQ_UPVCSIC",2,0,0,2,2022-06-28
"ITQ_UPVCSIC","UPV",2,0,0,2,2022-06-28
"izarotech","ANAIP_es",2,0,0,2,2022-06-28
"izarotech","BioICEP_IMGGE",1,0,1,2,2022-06-28
"izarotech","Feique_ES",2,0,0,2,2022-06-28
"izarotech","PlasticsEuropES",1,0,1,2,2022-06-28
"izarotech","raorsamaq",1,0,1,2,2022-06-28
"IzasaScientific","aimplas",1,1,0,2,2022-06-28
"jadfrias","deborahciencia",2,0,0,2,2022-06-28
"jadfrias","SusChemSpain",1,0,1,2,2022-06-28
"jahdmolocan","Cicloplast_com",1,0,1,2,2022-06-28
"JCGarcia_CDTI","CDTI_innovacion",1,1,0,2,2022-06-28
"JCGarcia_CDTI","CDTIoficial",0,2,0,2,2022-06-28
"jesus_calvo","aimplas",2,0,0,2,2022-06-28
"jhomstor","AgoraScience",2,0,0,2,2022-06-28
"jhomstor","aimplas",2,0,0,2,2022-06-28
"jhomstor","AvepAsociacion",2,0,0,2,2022-06-28
"jhomstor","Avia_automocion",2,0,0,2,2022-06-28
"jhomstor","CEPplast",2,0,0,2,2022-06-28
"jhomstor","HP",2,0,0,2,2022-06-28
"jhomstor","IAM3DHUB",2,0,0,2,2022-06-28
"jhomstor","industry_arena",2,0,0,2,2022-06-28
"jhomstor","PlasticsEuropES",2,0,0,2,2022-06-28
"jmaciahortal","1977moni",1,0,1,2,2022-06-28
"joanros78","aimplas",1,0,1,2,2022-06-28
"joseantoniorui","1977moni",1,0,1,2,2022-06-28
"juan_poti","Alfonsobao1",1,0,1,2,2022-06-28
"juliabrines","aimplas",2,0,0,2,2022-06-28
"juliabrines","expansioncom",2,0,0,2,2022-06-28
"juliatomas3","ibv_org",1,1,0,2,2022-06-28
"khaqanshati","ALBAsynchrotron",1,0,1,2,2022-06-28
"KimitecGroup","2Bortolozzo",2,0,0,2,2022-06-28
"KimitecGroup","ACCIONA",2,0,0,2,2022-06-28
"KimitecGroup","mi_sustainable",2,0,0,2,2022-06-28
"KimitecGroup","ReciclaliaC",2,0,0,2,2022-06-28
"KimitecGroup","suez",2,0,0,2,2022-06-28
"KimitecGroup","VITObelgium",2,0,0,2,2022-06-28
"KLEIJ_ICIQ","aimplas",2,0,0,2,2022-06-28
"KLEIJ_ICIQ","Cedem_ULiege",2,0,0,2,2022-06-28
"KLEIJ_ICIQ","HorizonEU",2,0,0,2,2022-06-28
"KLEIJ_ICIQ","ICIQchem",2,0,0,2,2022-06-28
"KLEIJ_ICIQ","TCantat",1,0,1,2,2022-06-28
"KLEIJ_ICIQ","UniHeidelberg",2,0,0,2,2022-06-28
"KLEIJ_ICIQ","UNIRennes",2,0,0,2,2022-06-28
"kmzerohub","aimplas",2,0,0,2,2022-06-28
"LaBrujulaCV_OCR","aimplas",1,0,1,2,2022-06-28
"lacarolinajaen","skrollerbelt",1,0,1,2,2022-06-28
"LasNavesINN","aimplas",2,0,0,2,2022-06-28
"LasNavesINN","carlosgaliana",2,0,0,2,2022-06-28
"LasNavesINN","FerminCerezo",2,0,0,2,2022-06-28
"LasNavesINN","LasNavesCOLLAB",2,0,0,2,2022-06-28
"LasNavesINN","marta_chillaron",2,0,0,2,2022-06-28
"lasustennial","meketreffe1",1,0,1,2,2022-06-28
"LAURELIN_EU","HorizonEU",2,0,0,2,2022-06-28
"leon_cicurel","BioSupPack_BBI",1,0,1,2,2022-06-28
"LifeEpsSure","aimplas",2,0,0,2,2022-06-28
"LifeEpsSure","LIFEprogramme",2,0,0,2,2022-06-28
"lilifondevila","FuturEnviro",1,0,1,2,2022-06-28
"LinkenerSpain","aimplas",2,0,0,2,2022-06-28
"LISSolutionsTW","aimplas",2,0,0,2,2022-06-28
"LolaFPaniagua","aimplas",2,0,0,2,2022-06-28
"londones","PlatinoEduca",1,0,1,2,2022-06-28
"LowCarbonLATAM","Hispackbcn",2,0,0,2,2022-06-28
"LuenaSaez","1977moni",1,0,1,2,2022-06-28
"luisagilrj","aimplas",1,0,1,2,2022-06-28
"luispatinoangel","Hispackbcn",1,0,1,2,2022-06-28
"luispatinoangel","omegagenesisca",2,0,0,2,2022-06-28
"luispereira01","aimplas",1,0,1,2,2022-06-28
"Madloboig","aimplas",2,0,0,2,2022-06-28
"MadresXClimaCan","AEMArm",2,0,0,2,2022-06-28
"MadresXClimaCan","aimplas",2,0,0,2,2022-06-28
"MadresXClimaCan","fempcomunica",2,0,0,2,2022-06-28
"MadresXClimaCan","FMRdeMurcia",2,0,0,2,2022-06-28
"MadresXClimaCan","MadresXelClima",2,0,0,2,2022-06-28
"MadresXClimaCan","MurciaClima",2,0,0,2,2022-06-28
"MadresXClimaCan","plastic_britain",2,0,0,2,2022-06-28
"MadresXClimaCan","UpcyclingMadrid",2,0,0,2,2022-06-28
"MadresXClimaCan","Vertidos_Cero",2,0,0,2,2022-06-28
"Mapi76874100","FBiodiversidad",1,0,1,2,2022-06-28
"MariaPerezBelt3","plasticheal",1,0,1,2,2022-06-28
"marijosidemaya","aimplas",2,0,0,2,2022-06-28
"marijosidemaya","AmigosTierraEsp",2,0,0,2,2022-06-28
"marijosidemaya","Ferfollos",2,0,0,2,2022-06-28
"marijosidemaya","FFFSalamanca",2,0,0,2,2022-06-28
"marijosidemaya","ICTA_UAB",2,0,0,2,2022-06-28
"marijosidemaya","MadresXelClima",2,0,0,2,2022-06-28
"marijosidemaya","PaisajeLimpio",2,0,0,2,2022-06-28
"marijosidemaya","Regmurcialimpia",2,0,0,2,2022-06-28
"marijosidemaya","somoscidec",2,0,0,2,2022-06-28
"marijosidemaya","xrmadrid_",2,0,0,2,2022-06-28
"Maritza56939473","Cicloplast_com",1,0,1,2,2022-06-28
"MartaEGMosquera","eldiarioclm",1,1,0,2,2022-06-28
"MartaEGMosquera","GimenoGroup",1,0,1,2,2022-06-28
"martarojo_","itenergia",2,0,0,2,2022-06-28
"martarojo_","soysauuce",1,0,1,2,2022-06-28
"Mateprincs","AaronCa04190760",2,0,0,2,2022-06-28
"Mateprincs","LOPECMunich",2,0,0,2,2022-06-28
"Mateprincs","Naitec_CT",2,0,0,2,2022-06-28
"materplat","aimplas",2,0,0,2,2022-06-28
"materplat","ImdeaMaterials",2,0,0,2,2022-06-28
"materplat","La_UPM",2,0,0,2,2022-06-28
"materplat","NavantiaOficial",2,0,0,2,2022-06-28
"MediterraneoPre","capasvil",1,0,1,2,2022-06-28
"meketreffe1","aimplas",2,0,0,2,2022-06-28
"meketreffe1","FoamIndustrial",2,0,0,2,2022-06-28
"meketreffe1","gabyriverab_",2,0,0,2,2022-06-28
"meketreffe1","lasustennial",1,0,1,2,2022-06-28
"meketreffe1","Llobre_Gats",2,0,0,2,2022-06-28
"meketreffe1","Luza2009",2,0,0,2,2022-06-28
"meketreffe1","ManEcological",2,0,0,2,2022-06-28
"meketreffe1","maquiplastic",2,0,0,2,2022-06-28
"meketreffe1","Paty_2109",2,0,0,2,2022-06-28
"meketreffe1","Recicla_Arevalo",2,0,0,2,2022-06-28
"meketreffe1","RivasMajo",2,0,0,2,2022-06-28
"meketreffe1","tecplastico",2,0,0,2,2022-06-28
"MetalMadridEs","CompositesSpain",2,0,0,2,2022-06-28
"MetalMadridEs","MetalMadridEs",2,0,0,2,2022-06-28
"meteo_ebre","RevistaRETEMA",1,0,1,2,2022-06-28
"micijor","joveryolanda",1,0,1,2,2022-06-28
"MinarroFin","VAtradu",1,0,1,2,2022-06-28
"miplacebio","Actecosl",2,0,0,2,2022-06-28
"miplacebio","aimplas",2,0,0,2,2022-06-28
"miplacebio","realturfoficial",2,0,0,2,2022-06-28
"MissionCircular","QUBPolymer",1,0,1,2,2022-06-28
"miyoresponsable","aimplas",2,0,0,2,2022-06-28
"MKSCGSOFFICIAL","RevistaRETEMA",1,0,1,2,2022-06-28
"mmelgarejo3300","aimplas",1,0,1,2,2022-06-28
"MobilityVlc","aimplas",2,0,0,2,2022-06-28
"Monviciano","Energy4Europe",2,0,0,2,2022-06-28
"Monviciano","EUinKuwait",2,0,0,2,2022-06-28
"Monviciano","EUintheGCC",2,0,0,2,2022-06-28
"Monviciano","EUintheUAE",2,0,0,2,2022-06-28
"Monviciano","ExpoUpdate",2,0,0,2,2022-06-28
"mrtmi3g","asincar",1,1,0,2,2022-06-28
"mtmachado","aimplas",1,0,1,2,2022-06-28
"Mundoplast","ANAIP_es",2,0,0,2,2022-06-28
"Mundoplast","ANARPLA",2,0,0,2,2022-06-28
"Mundoplast","Cicloplast_com",2,0,0,2,2022-06-28
"Mundoplast","PlasticsEuropES",2,0,0,2,2022-06-28
"Muxica76","1977moni",1,0,1,2,2022-06-28
"NagrifoodClust","ClusterFPrint",2,0,0,2,2022-06-28
"NapaRealtors","aimplas",1,0,1,2,2022-06-28
"nemosineproject","aimplas",2,0,0,2,2022-06-28
"NontoxProject","aimplas",2,0,0,2,2022-06-28
"NontoxProject","IMDEA_Energia",2,0,0,2,2022-06-28
"Novamont","Cicloplast_com",2,0,0,2,2022-06-28
"Novamont_Iberia","APAEMA",2,0,0,2,2022-06-28
"Novamont_Iberia","DarwinBioprosp",1,0,1,2,2022-06-28
"Novamont_Iberia","expoquimia",2,0,0,2,2022-06-28
"Novamont_Iberia","ManuelPorcar1",2,0,0,2,2022-06-28
"Novamont_Iberia","materbi",2,0,0,2,2022-06-28
"nuevoagrodiario","aimplas",2,0,0,2,2022-06-28
"nuevoagrodiario","ainiatecnologia",2,0,0,2,2022-06-28
"OanaCaro","aimplas",2,0,0,2,2022-06-28
"OanaCaro","ICTA_UAB",2,0,0,2,2022-06-28
"OanaCaro","PaisajeLimpio",2,0,0,2,2022-06-28
"OanaCaro","somoscidec",2,0,0,2,2022-06-28
"OC_Composites","AEMAC_",2,0,0,2,2022-06-28
"OC_Composites","aimplas",2,0,0,2,2022-06-28
"OC_Composites","aitex_es",2,0,0,2,2022-06-28
"OC_Composites","CDTIoficial",2,0,0,2,2022-06-28
"OC_Composites","CMplastik",2,0,0,2,2022-06-28
"OC_Composites","Colquimva",2,0,0,2,2022-06-28
"OC_Composites","CompositesQuim",2,0,0,2,2022-06-28
"OC_Composites","Feria_Valencia",2,0,0,2,2022-06-28
"OC_Composites","feriaecofira",2,0,0,2,2022-06-28
"OC_Composites","GVAivace",2,0,0,2,2022-06-28
"OC_Composites","InescopTech",2,0,0,2,2022-06-28
"OC_Composites","Redit_es",2,0,0,2,2022-06-28
"OceanetsProject","EU_EASME",2,0,0,2,2022-06-28
"OceanetsProject","uvigo",2,0,0,2,2022-06-28
"ocrsagunto","aimplas",1,0,1,2,2022-06-28
"OCRValencia","InescopTech",2,0,0,2,2022-06-28
"OCRValencia","ITC_ceramica",2,0,0,2,2022-06-28
"OCSUC_group","KLEIJ_ICIQ",1,0,1,2,2022-06-28
"omenendez","SusChemSpain",1,0,1,2,2022-06-28
"opdi_tex_GmbH","CompositeUnited",1,0,1,2,2022-06-28
"OpenFuture_And","byproductplace",1,0,1,2,2022-06-28
"OVTT","OEPM_es",2,0,0,2,2022-06-28
"pablo24200","Vertidos_Cero",1,0,1,2,2022-06-28
"packcluster","aimplas",2,0,0,2,2022-06-28
"packcluster","industry_arena",1,0,1,2,2022-06-28
"Packnet_","ACES_supers",2,0,0,2,2022-06-28
"Packnet_","anape",2,0,0,2,2022-06-28
"Packnet_","anape_eps",0,2,0,2,2022-06-28
"Packnet_","BioSupPack_BBI",1,1,0,2,2022-06-28
"Packnet_","CticCita",2,0,0,2,2022-06-28
"Packnet_","EmpackIberia",2,0,0,2,2022-06-28
"Packnet_","EMSUR_",2,0,0,2,2022-06-28
"Packnet_","Hispackbcn",2,0,0,2,2022-06-28
"Packnet_","iambiente",0,2,0,2,2022-06-28
"Packnet_","itene",2,0,0,2,2022-06-28
"Packnet_","packcluster",2,0,0,2,2022-06-28
"Packnet_","PKF_INNCOME",2,0,0,2,2022-06-28
"Packnet_","ProcterGamble",2,0,0,2,2022-06-28
"Packnet_","Sulayr_GS",2,0,0,2,2022-06-28
"Packnet_","TotalCorbionPLA",2,0,0,2,2022-06-28
"Packnet_","UV_EG",2,0,0,2,2022-06-28
"Packnet_","Veolia",2,0,0,2,2022-06-28
"PacoFernandezA2","MartaEGMosquera",1,0,1,2,2022-06-28
"PactoMundial","aimplas",2,0,0,2,2022-06-28
"PakoRho","aimplas",2,0,0,2,2022-06-28
"PakoRho","ASECAM1",1,1,0,2,2022-06-28
"PalcongresVLC","fruittoday",1,0,1,2,2022-06-28
"parccientificuv","UPCTnoticias",2,0,0,2,2022-06-28
"Pascual","ter4bithi4",1,0,1,2,2022-06-28
"PCT_UCN","GVAivace",1,0,1,2,2022-06-28
"perez_angeles","urbanismevlc",1,0,1,2,2022-06-28
"pharmamarket","Biopolis_SL",2,0,0,2,2022-06-28
"pHjools","CentrosCex",1,0,1,2,2022-06-28
"PilMontana","PlasticsEuropES",1,0,1,2,2022-06-28
"PilotHarbour","aimplas",2,0,0,2,2022-06-28
"plastic_museum","aimplas",1,0,1,2,2022-06-28
"PlasticFV","Cicloplast_com",2,0,0,2,2022-06-28
"PlasticFV","Envaspres",2,0,0,2,2022-06-28
"PlasticFV","ITC_Packaging",2,0,0,2,2022-06-28
"PlasticFV","Mundoplast",2,0,0,2,2022-06-28
"plasticheal","aimplas",2,0,0,2,2022-06-28
"plasticheal","CDTI_innovacion",1,1,0,2,2022-06-28
"plasticomty","10t_proyectos",1,0,1,2,2022-06-28
"PlasticsEuropES","esplasticos",1,1,0,2,2022-06-28
"PlasticsEuropES","Hispackbcn",2,0,0,2,2022-06-28
"PlasticsEuropES","Madloboig",1,0,1,2,2022-06-28
"PlasticsEuropES","PescanovaCorp",1,0,1,2,2022-06-28
"PlasticsWorld","Actecosl",2,0,0,2,2022-06-28
"PlasticsWorld","realturfoficial",2,0,0,2,2022-06-28
"platformtierra","aimplas",2,0,0,2,2022-06-28
"PMI_Valencia","aimplas",2,0,0,2,2022-06-28
"ppenalvera","aalbaperez",1,0,1,2,2022-06-28
"PReivindicativa","aimplas",1,0,1,2,2022-06-28
"preserve_h2020","Beiersdorf_AG",2,0,0,2,2022-06-28
"preserve_h2020","Biopolis_SL",2,0,0,2,2022-06-28
"preserve_h2020","bostik",2,0,0,2,2022-06-28
"preserve_h2020","carbiolice",2,0,0,2,2022-06-28
"preserve_h2020","Centexbel",2,0,0,2,2022-06-28
"preserve_h2020","Danone_EU",2,0,0,2,2022-06-28
"preserve_h2020","DenimX_NL",2,0,0,2,2022-06-28
"preserve_h2020","EUBioplastics",2,0,0,2,2022-06-28
"preserve_h2020","Fraunhofer",2,0,0,2,2022-06-28
"preserve_h2020","GraphicPkg_Intl",2,0,0,2,2022-06-28
"preserve_h2020","InfoHSAS",2,0,0,2,2022-06-28
"preserve_h2020","iris_rd",2,0,0,2,2022-06-28
"preserve_h2020","itene",2,0,0,2,2022-06-28
"preserve_h2020","KNEIA_official",2,0,0,2,2022-06-28
"preserve_h2020","SudpackG",2,0,0,2,2022-06-28
"preserve_h2020","Unibo",2,0,0,2,2022-06-28
"preserve_h2020","UPLIFT_EU",2,0,0,2,2022-06-28
"PrimaProgram","BiorangeP",1,0,1,2,2022-06-28
"PRS_Europe","aimplas",2,0,0,2,2022-06-28
"PT3NEO","Eurecat_news",2,0,0,2,2022-06-28
"PT3NEO","itene",2,0,0,2,2022-06-28
"PT3NEO","tecnalia",2,0,0,2,2022-06-28
"QUBPolymer","MissionCircular",1,1,0,2,2022-06-28
"RachelRock2","AIJU_Tecnologi",1,0,1,2,2022-06-28
"RAlfaroSanchez","ForumWeee",1,0,1,2,2022-06-28
"RamnBertNavarro","CSIC",1,0,1,2,2022-06-28
"RamSG20","CSIC",1,0,1,2,2022-06-28
"rappicupons105","i_alimentacion",1,0,1,2,2022-06-28
"recircular_net","aitex_es",2,0,0,2,2022-06-28
"recircular_net","Cidaut",2,0,0,2,2022-06-28
"recircular_net","GAIKER_BRTA",2,0,0,2,2022-06-28
"RECOTRANS_H2020","aimplas",2,0,0,2,2022-06-28
"Recuwaste","ivanalbertos81",1,0,1,2,2022-06-28
"Redit_es","CIDETEC_",2,0,0,2,2022-06-28
"Redit_es","Contact_AMI",2,0,0,2,2022-06-28
"Redit_es","esplasticos",2,0,0,2,2022-06-28
"Redit_es","EU_EASME",1,1,0,2,2022-06-28
"Redit_es","ForoTransfiere",2,0,0,2,2022-06-28
"Redit_es","garcia_saludes",2,0,0,2,2022-06-28
"Redit_es","gbelenguer",2,0,0,2,2022-06-28
"Redit_es","Julia_company",2,0,0,2,2022-06-28
"Redit_es","mincoturgob",2,0,0,2,2022-06-28
"Redit_es","OndaCero_es",2,0,0,2,2022-06-28
"Redit_es","plastic_museum",2,0,0,2,2022-06-28
"Redit_es","Rafa_Climentg",2,0,0,2,2022-06-28
"Redit_es","seimedcv",2,0,0,2,2022-06-28
"Redit_es","ServiReach",2,0,0,2,2022-06-28
"Redit_es","UPV",2,0,0,2,2022-06-28
"Redit_es","UV_EG",2,0,0,2,2022-06-28
"redrunacional","herrero_patri",1,0,1,2,2022-06-28
"Regmurcialimpia","basurasmarinas",2,0,0,2,2022-06-28
"Regmurcialimpia","BIOnTop_Project",1,0,1,2,2022-06-28
"Regmurcialimpia","FuturEnviro",1,0,1,2,2022-06-28
"Regmurcialimpia","Regmurcialimpia",0,0,2,2,2022-06-28
"Regmurcialimpia","THADERCONSUMO",2,0,0,2,2022-06-28
"REMADYL_EU","aimplas",2,0,0,2,2022-06-28
"REMADYL_EU","azorambiental",2,0,0,2,2022-06-28
"REMADYL_EU","Centexbel",2,0,0,2,2022-06-28
"REMADYL_EU","DANOSA_SPAIN",2,0,0,2,2022-06-28
"REMADYL_EU","Deceuninck",2,0,0,2,2022-06-28
"REMADYL_EU","iris_rd",2,0,0,2,2022-06-28
"REMADYL_EU","REMADYL_EU",1,1,0,2,2022-06-28
"REMADYL_EU","SPIRE2030",1,1,0,2,2022-06-28
"REMADYL_EU","SustainableInnE",2,0,0,2,2022-06-28
"REMADYL_EU","UV_EG",2,0,0,2,2022-06-28
"REMADYL_EU","Vinylplus_it",2,0,0,2,2022-06-28
"RepetCoinnova","Cicloplast_com",2,0,0,2,2022-06-28
"RepetCoinnova","RepetCoinnova",2,0,0,2,2022-06-28
"residuorecurso","CELBIOTECH1",2,0,0,2,2022-06-28
"residuorecurso","innovacc_cat",2,0,0,2,2022-06-28
"residuorecurso","irtacat",2,0,0,2,2022-06-28
"residuorecurso","Leitat",2,0,0,2,2022-06-28
"residuorecurso","residuorecurso",0,1,1,2,2022-06-28
"residuorecurso","textils_cat",2,0,0,2,2022-06-28
"reverdeconcausa","hasta_el_lunes",1,0,1,2,2022-06-28
"revistaelectro","aimplas",1,0,1,2,2022-06-28
"RevistaMercados","Afi_es",2,0,0,2,2022-06-28
"RevistaMercados","ANAIP_es",2,0,0,2,2022-06-28
"RevistaMercados","ANARPLA",2,0,0,2,2022-06-28
"RevistaMercados","fCIRCE",2,0,0,2,2022-06-28
"RevistaMercados","ICTA_UAB",2,0,0,2,2022-06-28
"RevistaMercados","IDAEA_CSIC",2,0,0,2,2022-06-28
"RevistaMercados","PaisajeLimpio",2,0,0,2,2022-06-28
"RevistaMercados","somoscidec",2,0,0,2,2022-06-28
"RevistaMercados","Vertidos_Cero",2,0,0,2,2022-06-28
"RevistaRETEMA","ANARPLA",2,0,0,2,2022-06-28
"RevistaRETEMA","Feique_ES",2,0,0,2,2022-06-28
"RevistaRETEMA","InescopTech",2,0,0,2,2022-06-28
"RevistaRETEMA","PlasticsEuropES",2,0,0,2,2022-06-28
"RevistaRETEMA","UV_EG",2,0,0,2,2022-06-28
"rmeflores","aimplas",1,0,1,2,2022-06-28
"robinmc6310","Cicloplast_com",1,0,1,2,2022-06-28
"RPM_Plasticos","PlasticsEurope",2,0,0,2,2022-06-28
"rrecycling","aimplas",2,0,0,2,2022-06-28
"RSM_es","LyondellBasell",2,0,0,2,2022-06-28
"SagredoMarco","AIDIMME",2,0,0,2,2022-06-28
"Saludes_Ind","aimplas",2,0,0,2,2022-06-28
"SanchisFederico","AdelaRuizD",2,0,0,2,2022-06-28
"SanchisFederico","ITI_TIC",2,0,0,2,2022-06-28
"SanchisFederico","SanchisFederico",0,0,2,2,2022-06-28
"Santa_Teresa","ITACYL",1,1,0,2,2022-06-28
"SaoretdeBacora","AutPortValencia",1,0,1,2,2022-06-28
"SaraBerceruelo","SaraBerceruelo",1,0,1,2,2022-06-28
"SDDR_info","FuturEnviro",1,0,1,2,2022-06-28
"SENA_RValle","SENA_RValle",1,0,1,2,2022-06-28
"shoubhikdas4","KLEIJ_ICIQ",1,0,1,2,2022-06-28
"Silvia_Orrego","CTplasUy",1,0,1,2,2022-06-28
"silviaavilesg","Cicloplast_com",2,0,0,2,2022-06-28
"silviaavilesg","esplasticos",2,0,0,2,2022-06-28
"SmartCityJour_","PlasticsEuropES",2,0,0,2,2022-06-28
"SMARTGRIDSINFO","aimplas",2,0,0,2,2022-06-28
"SOMM_alliance","Afi_es",2,0,0,2,2022-06-28
"SOMM_alliance","aimplas",2,0,0,2,2022-06-28
"SOMM_alliance","fCIRCE",2,0,0,2,2022-06-28
"SOMM_alliance","PaisajeLimpio",2,0,0,2,2022-06-28
"SOMM_alliance","somoscidec",2,0,0,2,2022-06-28
"SOMM_alliance","Vertidos_Cero",2,0,0,2,2022-06-28
"somoscidec","Vertidos_Cero",2,0,0,2,2022-06-28
"SoniaHe49592177","CSIC",1,0,1,2,2022-06-28
"SoniTirado","aimplas",1,0,1,2,2022-06-28
"soysauuce","martarojo_",1,0,1,2,2022-06-28
"SPB_Spain","aimplas",2,0,0,2,2022-06-28
"Startup_VLC","aimplas",2,0,0,2,2022-06-28
"susana_xara","UPLIFT_EU",1,0,1,2,2022-06-28
"SusChemSpain","Feique_ES",1,1,0,2,2022-06-28
"susomartinez","GVAinnova",2,0,0,2,2022-06-28
"SustainPlastics","caixabank",2,0,0,2,2022-06-28
"SustainPlastics","CocaColaCo",2,0,0,2,2022-06-28
"SustainPlastics","FundacionBcja",2,0,0,2,2022-06-28
"SustainPlastics","Vertidos_Cero",2,0,0,2,2022-06-28
"tabitbilisim","Azmudeu",1,1,0,2,2022-06-28
"tabitbilisim","tabitbilisim",2,0,0,2,2022-06-28
"talk2much12","itene",2,0,0,2,2022-06-28
"TCantat","KLEIJ_ICIQ",1,0,1,2,2022-06-28
"tecnalia","AEMAC_",2,0,0,2,2022-06-28
"tecnalia","aimplas",2,0,0,2,2022-06-28
"tecnalia","pteco2",1,1,0,2,2022-06-28
"Tecnifood","ANARPLA",2,0,0,2,2022-06-28
"Tecnifood","Biopolis_SL",2,0,0,2,2022-06-28
"Tecnifood","espaitec",2,0,0,2,2022-06-28
"tecnoaqua","AseTUB",1,0,1,2,2022-06-28
"tecplastico","aimplas",2,0,0,2,2022-06-28
"TeximInfo","DanoneGroup",2,0,0,2,2022-06-28
"TeximInfo","GAIKER_BRTA",1,0,1,2,2022-06-28
"TeximInfo","Sealed_Air",2,0,0,2,2022-06-28
"TheCircularLab","aimplas",2,0,0,2,2022-06-28
"TitoCrissien","aimplas",2,0,0,2,2022-06-28
"TortosaLozano","IndustryTalksES",1,0,1,2,2022-06-28
"TRAKTECH_","AvepAsociacion",2,0,0,2,2022-06-28
"TRAKTECH_","Packnet_",2,0,0,2,2022-06-28
"ucvalencia","Redit_es",1,0,1,2,2022-06-28
"UNLOCK_BBI","aimplas",2,0,0,2,2022-06-28
"UPLIFT_EU","aalborg_uni",2,0,0,2,2022-06-28
"UPLIFT_EU","CristianoVarro2",2,0,0,2,2022-06-28
"VaersaGva","aimplas",2,0,0,2,2022-06-28
"VaersaGva","ecoembes",2,0,0,2,2022-06-28
"VaersaGva","paulatuzon_",2,0,0,2,2022-06-28
"veredictas","salesianssarria",2,0,0,2,2022-06-28
"Vertidos_Cero","CocaColaEP_es",2,0,0,2,2022-06-28
"Vertidos_Cero","FValenciaport",2,0,0,2,2022-06-28
"Vertidos_Cero","mitecogob",2,0,0,2,2022-06-28
"Vertidos_Cero","pablo24200",1,0,1,2,2022-06-28
"Vertidos_Cero","RubenRguezAl",1,0,1,2,2022-06-28
"VicenteAbella","MinarroFin",1,0,1,2,2022-06-28
"vincenzo_gente","ecoalf",2,0,0,2,2022-06-28
"vincenzo_gente","Ecomondo",2,0,0,2,2022-06-28
"vincenzo_gente","EU_ENV",2,0,0,2,2022-06-28
"vincenzo_gente","jagot_cha",2,0,0,2,2022-06-28
"vincenzo_gente","LIFEprogramme",2,0,0,2,2022-06-28
"VinculaN","int_envase",1,0,1,2,2022-06-28
"Wendy_Moreno_EU","accio_cat",2,0,0,2,2022-06-28
"Wendy_Moreno_EU","aimplas",2,0,0,2,2022-06-28
"Wendy_Moreno_EU","AristosInfo",2,0,0,2,2022-06-28
"Wendy_Moreno_EU","biocat_cat",2,0,0,2,2022-06-28
"Wendy_Moreno_EU","CDTIoficial",2,0,0,2,2022-06-28
"Wendy_Moreno_EU","eencat",2,0,0,2,2022-06-28
"Wendy_Moreno_EU","Eurecat_news",2,0,0,2,2022-06-28
"Wendy_Moreno_EU","H2020_Partner",2,0,0,2,2022-06-28
"Wendy_Moreno_EU","horizonexperts",2,0,0,2,2022-06-28
"Wendy_Moreno_EU","IreneLarroy",2,0,0,2,2022-06-28
"Wendy_Moreno_EU","itene",2,0,0,2,2022-06-28
"Wendy_Moreno_EU","JCGarcia_CDTI",2,0,0,2,2022-06-28
"Wendy_Moreno_EU","jordipietx",2,0,0,2,2022-06-28
"Wendy_Moreno_EU","RosaAriasAlv",2,0,0,2,2022-06-28
"Wendy_Moreno_EU","scibus",2,0,0,2,2022-06-28
"Wendy_Moreno_EU","SorosGabinete",2,0,0,2,2022-06-28
"Wendy_Moreno_EU","talk2much12",2,0,0,2,2022-06-28
"WomenInPlastic","BritishPlastics",1,1,0,2,2022-06-28
"WriterAlejandro","Agrimax_EU",1,0,1,2,2022-06-28
"x_campos","aimplas",1,0,1,2,2022-06-28
"_acabanas","AclimaEuskadi",1,0,0,1,2022-06-28
"_acabanas","aimplas",1,0,0,1,2022-06-28
"_acabanas","ITC_ceramica",1,0,0,1,2022-06-28
"_acabanas","PereFullana",1,0,0,1,2022-06-28
"_acabanas","SustainThinking",1,0,0,1,2022-06-28
"_acabanas","UNESCOChairESCI",1,0,0,1,2022-06-28
"_rtvemarcae","aimplas",1,0,0,1,2022-06-28
"1785es","AceitesOlivaES",1,0,0,1,2022-06-28
"1785es","aimplas",1,0,0,1,2022-06-28
"1785es","andaluciae",1,0,0,1,2022-06-28
"1785es","cadecordobaAE",1,0,0,1,2022-06-28
"1785es","CordobaBN",1,0,0,1,2022-06-28
"1785es","elespanolcom",1,0,0,1,2022-06-28
"3Dnatives_ES","aimplas",1,0,0,1,2022-06-28
"3duardoFG","aimplas",1,0,0,1,2022-06-28
"3duardoFG","ANAIP_es",1,0,0,1,2022-06-28
"3duardoFG","charo_barroso",1,0,0,1,2022-06-28
"3duardoFG","Cicloplast_com",1,0,0,1,2022-06-28
"3duardoFG","esplasticos",1,0,0,1,2022-06-28
"3duardoFG","greenpeace_esp",1,0,0,1,2022-06-28
"3duardoFG","PlasticsEuropES",1,0,0,1,2022-06-28
"3duardoFG","StockTerabithia",1,0,0,1,2022-06-28
"3duardoFG","TFundaciones",1,0,0,1,2022-06-28
"3Recycler","aimplas",1,0,0,1,2022-06-28
"3Recycler","ANAIP_es",1,0,0,1,2022-06-28
"3Recycler","Cicloplast_com",1,0,0,1,2022-06-28
"3Recycler","esplasticos",1,0,0,1,2022-06-28
"3Recycler","eurenext",1,0,0,1,2022-06-28
"7TeleValencia","aimplas",1,0,0,1,2022-06-28
"aalbaperez","_iterh_",1,0,0,1,2022-06-28
"aalbaperez","AIDIMME",1,0,0,1,2022-06-28
"aalbaperez","ana_sarasola_",1,0,0,1,2022-06-28
"aalbaperez","andpasvid",1,0,0,1,2022-06-28
"aalbaperez","cdcampo1",1,0,0,1,2022-06-28
"aalbaperez","Fedit",1,0,0,1,2022-06-28
"aalbaperez","GVAavi",1,0,0,1,2022-06-28
"aalbaperez","itenergia",1,0,0,1,2022-06-28
"AbelardoDuran","ANAIP_es",1,0,0,1,2022-06-28
"AbelardoDuran","Cicloplast_com",1,0,0,1,2022-06-28
"AbelardoDuran","silviaavilesg",0,0,1,1,2022-06-28
"acanocoloma","aimplas",1,0,0,1,2022-06-28
"acanocoloma","CentrosCex",1,0,0,1,2022-06-28
"acanocoloma","escamilla50",1,0,0,1,2022-06-28
"acanocoloma","generalitat",1,0,0,1,2022-06-28
"acanocoloma","GVAivace",1,0,0,1,2022-06-28
"acanocoloma","Julia_company",1,0,0,1,2022-06-28
"acanocoloma","Rafa_Climentg",1,0,0,1,2022-06-28
"aciturri","aimplas",1,0,0,1,2022-06-28
"Actecosl","aimplas",1,0,0,1,2022-06-28
"actualidadaero","intaespana",1,0,0,1,2022-06-28
"Actuenviro","aimplas",1,0,0,1,2022-06-28
"Actuenviro","Benkei_Fr",1,0,0,1,2022-06-28
"Actuenviro","CT_IPC",1,0,0,1,2022-06-28
"Actuenviro","filigrade",1,0,0,1,2022-06-28
"Actuenviro","PellencGroup",1,0,0,1,2022-06-28
"Actuenviro","Pollutec",1,0,0,1,2022-06-28
"Actuenviro","ProspexInst",1,0,0,1,2022-06-28
"ADBioplastics","ADBioplastics",1,0,0,1,2022-06-28
"ADBioplastics","aimplas",1,0,0,1,2022-06-28
"ADBioplastics","bioplasticsmag",1,0,0,1,2022-06-28
"ADBioplastics","TotalCorbionPLA",1,0,0,1,2022-06-28
"ADCV_com","AIDIMME",1,0,0,1,2022-06-28
"ADCV_com","AIJU_Tecnologi",1,0,0,1,2022-06-28
"ADCV_com","aimplas",1,0,0,1,2022-06-28
"ADCV_com","ainiatecnologia",1,0,0,1,2022-06-28
"ADCV_com","aitex_es",1,0,0,1,2022-06-28
"ADCV_com","ibv_org",1,0,0,1,2022-06-28
"ADCV_com","InescopTech",1,0,0,1,2022-06-28
"ADCV_com","ITC_ceramica",1,0,0,1,2022-06-28
"ADCV_com","itene",1,0,0,1,2022-06-28
"ADCV_com","itenergia",1,0,0,1,2022-06-28
"ADCV_com","ITI_TIC",1,0,0,1,2022-06-28
"ADNAgroFood","aimplas",1,0,0,1,2022-06-28
"ADNAgroFood","Cajamar",1,0,0,1,2022-06-28
"ADNAgroFood","platformtierra",1,0,0,1,2022-06-28
"AdonaiHM","asociacionruvid",1,0,0,1,2022-06-28
"AdonaiHM","AVEmpresarios",1,0,0,1,2022-06-28
"AdonaiHM","c_valenciana",1,0,0,1,2022-06-28
"AdonaiHM","emparmbonafe",1,0,0,1,2022-06-28
"AdonaiHM","FundacionETNOR",1,0,0,1,2022-06-28
"AdonaiHM","GVAavi",1,0,0,1,2022-06-28
"AdonaiHM","GVAddigital",1,0,0,1,2022-06-28
"AdonaiHM","GVAinnova",1,0,0,1,2022-06-28
"AdonaiHM","ITC_ceramica",1,0,0,1,2022-06-28
"AdonaiHM","PremiosReiJaume",1,0,0,1,2022-06-28
"AdonaiHM","RectoraUA",1,0,0,1,2022-06-28
"AdonaiHM","UA_Universidad",1,0,0,1,2022-06-28
"AdvanFactories","AEMAC_",1,0,0,1,2022-06-28
"AdvanFactories","Airbus",1,0,0,1,2022-06-28
"AdvanFactories","CDTIoficial",1,0,0,1,2022-06-28
"AdvanFactories","DANOBATGROUP",1,0,0,1,2022-06-28
"AdvanFactories","industriQuimica",1,0,0,1,2022-06-28
"AdvanFactories","infoedita",1,0,0,1,2022-06-28
"AdvanFactories","TalgoGroup",1,0,0,1,2022-06-28
"AdvanFactories","UdGPolitecnica",1,0,0,1,2022-06-28
"AdvManufactES","aimplas",1,0,0,1,2022-06-28
"aec_es","eurofirms",1,0,0,1,2022-06-28
"aec_es","Kapture_io",1,0,0,1,2022-06-28
"aec_es","rnconsulting_es",1,0,0,1,2022-06-28
"aec_es","Sisteplant",1,0,0,1,2022-06-28
"aec_es","tuSEAT",1,0,0,1,2022-06-28
"aec_es","ZF_Group",1,0,0,1,2022-06-28
"AEMAC_","AdvanFactories",1,0,0,1,2022-06-28
"AEMAC_","applus",1,0,0,1,2022-06-28
"AEMAC_","Arkema_group",1,0,0,1,2022-06-28
"AEMAC_","ascameorg",1,0,0,1,2022-06-28
"AEMAC_","ATIGA_",1,0,0,1,2022-06-28
"AEMAC_","camarascomercio",1,0,0,1,2022-06-28
"AEMAC_","cambrabcn",1,0,0,1,2022-06-28
"AEMAC_","CARTIFCT",1,0,0,1,2022-06-28
"AEMAC_","CDTI_innovacion",1,0,0,1,2022-06-28
"AEMAC_","CSIC",1,0,0,1,2022-06-28
"AEMAC_","CTAG_Materials",1,0,0,1,2022-06-28
"AEMAC_","CTengineers",1,0,0,1,2022-06-28
"AEMAC_","DANOBAT",1,0,0,1,2022-06-28
"AEMAC_","eoi",1,0,0,1,2022-06-28
"AEMAC_","ETSIngenieria",1,0,0,1,2022-06-28
"AEMAC_","Eurecat",1,0,0,1,2022-06-28
"AEMAC_","FADA_CATEC",1,0,0,1,2022-06-28
"AEMAC_","FECYT_Ciencia",1,0,0,1,2022-06-28
"AEMAC_","Fedit",1,0,0,1,2022-06-28
"AEMAC_","Fraunhofer",1,0,0,1,2022-06-28
"AEMAC_","IFEMA",1,0,0,1,2022-06-28
"AEMAC_","industrialesand",1,0,0,1,2022-06-28
"AEMAC_","itea",1,0,0,1,2022-06-28
"AEMAC_","iteamUPV",1,0,0,1,2022-06-28
"AEMAC_","La_UPM",1,0,0,1,2022-06-28
"AEMAC_","MADRID",1,0,0,1,2022-06-28
"AEMAC_","MaterialCharact",1,0,0,1,2022-06-28
"AEMAC_","materplat",1,0,0,1,2022-06-28
"AEMAC_","MetalMadridEs",1,0,0,1,2022-06-28
"AEMAC_","MUnibertsitatea",1,0,0,1,2022-06-28
"AEMAC_","packcluster",1,0,0,1,2022-06-28
"AEMAC_","PatronalCecot",1,0,0,1,2022-06-28
"AEMAC_","PlasticsEurope",1,0,0,1,2022-06-28
"AEMAC_","Redit_es",1,0,0,1,2022-06-28
"AEMAC_","silviaavilesg",0,0,1,1,2022-06-28
"AEMAC_","SusChemSpain",1,0,0,1,2022-06-28
"AEMAC_","talgo",1,0,0,1,2022-06-28
"AEMAC_","tribalyteideas",1,0,0,1,2022-06-28
"AEMAC_","uc3m",1,0,0,1,2022-06-28
"AEMAC_","UdGPolitecnica",1,0,0,1,2022-06-28
"AEMAC_","VeroSoftwareES",1,0,0,1,2022-06-28
"AEMAC_","ZundCutter",1,0,0,1,2022-06-28
"AErasmusproject","MedScan3D",1,0,0,1,2022-06-28
"AErasmusproject","TheAMRC",1,0,0,1,2022-06-28
"aevae_es","aimplas",1,0,0,1,2022-06-28
"aevae_es","Cicloplast_com",1,0,0,1,2022-06-28
"afercuello","aimplas",1,0,0,1,2022-06-28
"afercuello","AragonCircular",1,0,0,1,2022-06-28
"afercuello","AytoCalatayud",1,0,0,1,2022-06-28
"afercuello","CAARAUTOARAGON",1,0,0,1,2022-06-28
"agapi_comunica","aimplas",1,0,0,1,2022-06-28
"agapi_comunica","corifyAF",1,0,0,1,2022-06-28
"agapi_comunica","Grupo_TSK",1,0,0,1,2022-06-28
"agapi_comunica","Molecor",1,0,0,1,2022-06-28
"agapi_comunica","PigCHAMP_Europa",1,0,0,1,2022-06-28
"agapi_comunica","skrollerbelt",1,0,0,1,2022-06-28
"AgoraScience","AgoraScience",0,1,0,1,2022-06-28
"AgoraScience","astro_duque",1,0,0,1,2022-06-28
"AgoraScience","AureaRodriguezL",1,0,0,1,2022-06-28
"AgoraScience","CDTIoficial",1,0,0,1,2022-06-28
"AgoraScience","CEPplast",1,0,0,1,2022-06-28
"AgoraScience","CienciaGob",1,0,0,1,2022-06-28
"AgoraScience","CtqcQuimica",1,0,0,1,2022-06-28
"AgoraScience","Equiplast",1,0,0,1,2022-06-28
"AgoraScience","fecyt",1,0,0,1,2022-06-28
"AgoraScience","FECYT_Ciencia",1,0,0,1,2022-06-28
"AgoraScience","GraphispackAsoc",1,0,0,1,2022-06-28
"AgoraScience","graphispag2021",1,0,0,1,2022-06-28
"AgoraScience","idibaps",1,0,0,1,2022-06-28
"AgoraScience","IndustriaGob",1,0,0,1,2022-06-28
"AgoraScience","industry_arena",1,0,0,1,2022-06-28
"AgoraScience","jsanfeliu",1,0,0,1,2022-06-28
"AgoraScience","JSansaloni",1,0,0,1,2022-06-28
"AgoraScience","marcvidal",1,0,0,1,2022-06-28
"AgoraScience","PlasticsEurope",1,0,0,1,2022-06-28
"AgoraScience","x_grauvidal",1,0,0,1,2022-06-28
"AgoraScience","xcampscoma",1,0,0,1,2022-06-28
"Agrimax_EU","bioplasticsmag",1,0,0,1,2022-06-28
"agrnegocios","aimplas",1,0,0,1,2022-06-28
"agrnegocios","ainiatecnologia",1,0,0,1,2022-06-28
"agrnegocios","LubrizolCorp",1,0,0,1,2022-06-28
"agrnegocios","LyondellBasell",1,0,0,1,2022-06-28
"agrnegocios","PalcongresVLC",1,0,0,1,2022-06-28
"agrnegocios","raorsamaq",1,0,0,1,2022-06-28
"agrnegocios","RSM_es",1,0,0,1,2022-06-28
"agrodhuelva","aimplas",1,0,0,1,2022-06-28
"agrodhuelva","ainiatecnologia",1,0,0,1,2022-06-28
"agromac_mm","aimplas",1,0,0,1,2022-06-28
"AgroNewsCV","AgroNewsCV",1,0,0,1,2022-06-28
"AgroNewsCV","ANAIP_es",1,0,0,1,2022-06-28
"AgroNewsCV","GVAavi",1,0,0,1,2022-06-28
"AgroNewsCV","GVAeconomia",1,0,0,1,2022-06-28
"AgroNewsCV","ITI_TIC",1,0,0,1,2022-06-28
"AgroNewsCV","Nestle_es",1,0,0,1,2022-06-28
"AgronoticiasE","aimplas",1,0,0,1,2022-06-28
"Aida_Herranz","Aida_Herranz",0,0,1,1,2022-06-28
"Aida_Herranz","aimplas",1,0,0,1,2022-06-28
"Aida_Herranz","EU_H2020",1,0,0,1,2022-06-28
"Aida_Herranz","ffe_es",1,0,0,1,2022-06-28
"Aida_Herranz","FoF_EU",1,0,0,1,2022-06-28
"Aida_Herranz","materplat",1,0,0,1,2022-06-28
"Aida_Herranz","RECOTRANS_H2020",1,0,0,1,2022-06-28
"AIJU_Tecnologi","AIDIMME",1,0,0,1,2022-06-28
"AIJU_Tecnologi","ainiatecnologia",1,0,0,1,2022-06-28
"AIJU_Tecnologi","aitex_es",1,0,0,1,2022-06-28
"AIJU_Tecnologi","AvamedSynergy",1,0,0,1,2022-06-28
"AIJU_Tecnologi","floridauni",1,0,0,1,2022-06-28
"AIJU_Tecnologi","FundacionVithas",1,0,0,1,2022-06-28
"AIJU_Tecnologi","ibv_org",1,0,0,1,2022-06-28
"AIJU_Tecnologi","InescopTech",1,0,0,1,2022-06-28
"AIJU_Tecnologi","ITC_ceramica",1,0,0,1,2022-06-28
"AIJU_Tecnologi","itene",1,0,0,1,2022-06-28
"AIJU_Tecnologi","itenergia",1,0,0,1,2022-06-28
"AIJU_Tecnologi","ITI_TIC",1,0,0,1,2022-06-28
"AIJU_Tecnologi","quibim",1,0,0,1,2022-06-28
"AIJU_Tecnologi","Vithas",1,0,0,1,2022-06-28
"aimplas","AIDIMME",1,0,0,1,2022-06-28
"aimplas","ainiatecnologia",1,0,0,1,2022-06-28
"aimplas","ANAIP_es",1,0,0,1,2022-06-28
"aimplas","ANARPLA",1,0,0,1,2022-06-28
"aimplas","AvepAsociacion",1,0,0,1,2022-06-28
"aimplas","basurasmarinas",1,0,0,1,2022-06-28
"aimplas","Cicloplast_com",1,0,0,1,2022-06-28
"aimplas","FGlobalis",1,0,0,1,2022-06-28
"aimplas","PlasticsEurope",1,0,0,1,2022-06-28
"aimplas","udem",1,0,0,1,2022-06-28
"aimplas","UV_EG",1,0,0,1,2022-06-28
"AIN_Navarra","AIN_Navarra",0,0,1,1,2022-06-28
"AIN_Navarra","gob_na",1,0,0,1,2022-06-28
"AIN_Navarra","intaespana",1,0,0,1,2022-06-28
"AIN_Navarra","UNavarra",1,0,0,1,2022-06-28
"ainiatecnologia","CdeCarnica",1,0,0,1,2022-06-28
"ainiatecnologia","CFlexibles",1,0,0,1,2022-06-28
"ainiatecnologia","danone_es",1,0,0,1,2022-06-28
"ainiatecnologia","DulcesNoticias",1,0,0,1,2022-06-28
"ainiatecnologia","EFEnoticias",1,0,0,1,2022-06-28
"ainiatecnologia","elEconomistaes",1,0,0,1,2022-06-28
"ainiatecnologia","Faerch",1,0,0,1,2022-06-28
"ainiatecnologia","FEDACOVA_VLC",1,0,0,1,2022-06-28
"ainiatecnologia","GrupoHinojosa",1,0,0,1,2022-06-28
"ainiatecnologia","GVAsanitat",1,0,0,1,2022-06-28
"ainiatecnologia","i_alimentacion",1,0,0,1,2022-06-28
"ainiatecnologia","La_SER",1,0,0,1,2022-06-28
"ainiatecnologia","LyondellBasell",1,0,0,1,2022-06-28
"ainiatecnologia","Mundoplast",1,0,0,1,2022-06-28
"ainiatecnologia","Novamont",1,0,0,1,2022-06-28
"ainiatecnologia","OCRValencia",1,0,0,1,2022-06-28
"ainiatecnologia","PackagingEurope",1,0,0,1,2022-06-28
"ainiatecnologia","Packnet_",1,0,0,1,2022-06-28
"ainiatecnologia","PlasticsEurope",1,0,0,1,2022-06-28
"ainiatecnologia","PlastipakEurope",1,0,0,1,2022-06-28
"ainiatecnologia","raorsamaq",1,0,0,1,2022-06-28
"ainiatecnologia","redit",1,0,0,1,2022-06-28
"ainiatecnologia","Redit_es",1,0,0,1,2022-06-28
"ainiatecnologia","revistaide",1,0,0,1,2022-06-28
"ainiatecnologia","RevistaRETEMA",1,0,0,1,2022-06-28
"ainiatecnologia","sulayrc",1,0,0,1,2022-06-28
"ainiatecnologia","tecnoalimen",1,0,0,1,2022-06-28
"ainiatecnologia","TIPACorp",1,0,0,1,2022-06-28
"ainiatecnologia","TotalCorbionPLA",1,0,0,1,2022-06-28
"ainiatecnologia","TPLINKIBERIA",1,0,0,1,2022-06-28
"ainiatecnologia","VEnvirotech",1,0,0,1,2022-06-28
"ainiatecnologia","Veolia",1,0,0,1,2022-06-28
"AIPIAcongress","AIPIAcongress",1,0,0,1,2022-06-28
"AIPIAcongress","AmbrosusAMB",1,0,0,1,2022-06-28
"AIPIAcongress","AmirKhoshniyati",1,0,0,1,2022-06-28
"ait_research","AIT_Quality",1,0,0,1,2022-06-28
"ait_research","ait_research",0,1,0,1,2022-06-28
"ait_research","AlisonNiEochaid",1,0,0,1,2022-06-28
"ait_research","DeclanMDevine",1,0,0,1,2022-06-28
"ait_research","Dept_ECC",1,0,0,1,2022-06-28
"ait_research","DeptofFHed",1,0,0,1,2022-06-28
"ait_research","DrollPeter",0,1,0,1,2022-06-28
"ait_research","Horizon2020_ire",1,0,0,1,2022-06-28
"ait_research","HorizonEuropeIE",1,0,0,1,2022-06-28
"ait_research","ibetportugal",1,0,0,1,2022-06-28
"ait_research","MixUp_H2020",1,0,0,1,2022-06-28
"ait_research","paintclubHQ",1,0,0,1,2022-06-28
"ait_research","tuc_tweet",1,0,0,1,2022-06-28
"ait_research","TUS_ie",0,1,0,1,2022-06-28
"AIWmagazine","aimplas",1,0,0,1,2022-06-28
"AlanisJuanmi","1974mariajo",1,0,0,1,2022-06-28
"AlanisJuanmi","aimplas",1,0,0,1,2022-06-28
"AlanisJuanmi","AsociacinEmpre2",1,0,0,1,2022-06-28
"AlanisJuanmi","AvepAsociacion",1,0,0,1,2022-06-28
"AlanisJuanmi","FEPEVAL",1,0,0,1,2022-06-28
"AlanisJuanmi","htroyano_",1,0,0,1,2022-06-28
"AlanisJuanmi","juan_poti",1,0,0,1,2022-06-28
"AlanisJuanmi","xavivilamarxant",1,0,0,1,2022-06-28
"AlanisJuanmi","YouTube",1,0,0,1,2022-06-28
"Albaladm","aimplas",1,0,0,1,2022-06-28
"Albaladm","CEU_UIA",1,0,0,1,2022-06-28
"Albaladm","CTplasUy",0,1,0,1,2022-06-28
"Albaladm","gmunozabogabir",1,0,0,1,2022-06-28
"Albaladm","GuilleGonzalezC",1,0,0,1,2022-06-28
"Albaladm","MAmbienteuy",1,0,0,1,2022-06-28
"Albaladm","MinamPeru",1,0,0,1,2022-06-28
"Albaladm","MMAChile",1,0,0,1,2022-06-28
"Albaladm","ONUDI_ALC",1,0,0,1,2022-06-28
"Albaladm","ONUDI_conosur",1,0,0,1,2022-06-28
"Albaladm","ONUDI_Mexico",1,0,0,1,2022-06-28
"Albaladm","ONUDIColombia",1,0,0,1,2022-06-28
"Albaladm","SofofaChile",1,0,0,1,2022-06-28
"Albaladm","UIP_py",1,0,0,1,2022-06-28
"Albaladm","UIPBA",1,0,0,1,2022-06-28
"ALBAsynchrotron","aimplas",1,0,0,1,2022-06-28
"ALBAsynchrotron","CalipsoPlus",1,0,0,1,2022-06-28
"ALBAsynchrotron","cepyme_",1,0,0,1,2022-06-28
"ALBAsynchrotron","confemetal",1,0,0,1,2022-06-28
"ALBAsynchrotron","Feique_ES",1,0,0,1,2022-06-28
"AlbertoHerran15","aimplas",1,0,0,1,2022-06-28
"alcaide_mkt","aimplas",1,0,0,1,2022-06-28
"alicante_ee","aimplas",1,0,0,1,2022-06-28
"almar_laura","aimplas",1,0,0,1,2022-06-28
"almar_laura","CSIC",1,0,0,1,2022-06-28
"almar_laura","eCOCOO2",1,0,0,1,2022-06-28
"almar_laura","expo2020dubai",1,0,0,1,2022-06-28
"almar_laura","ExpoSpain2020",1,0,0,1,2022-06-28
"almar_laura","icareplast",1,0,0,1,2022-06-28
"AlmuAlbertos","aimplas",1,0,0,1,2022-06-28
"AlmuAlbertos","corifyAF",1,0,0,1,2022-06-28
"AlmuAlbertos","Grupo_TSK",1,0,0,1,2022-06-28
"AlmuAlbertos","Molecor",1,0,0,1,2022-06-28
"AlmuAlbertos","PigCHAMP_Europa",1,0,0,1,2022-06-28
"AlmuAlbertos","PlatinoEduca",1,0,0,1,2022-06-28
"AlmuAlbertos","skrollerbelt",1,0,0,1,2022-06-28
"aLuciernaga_","aimplas",1,0,0,1,2022-06-28
"Alvaro_Eslu","GrupoCosentino",1,0,0,1,2022-06-28
"Alvaro_Eslu","UV_EG",1,0,0,1,2022-06-28
"alvizlo","aimplas",1,0,0,1,2022-06-28
"alvizlo","ainiatecnologia",1,0,0,1,2022-06-28
"alvizlo","alvizlo",0,0,1,1,2022-06-28
"ambienteeuropeo","aimplas",1,0,0,1,2022-06-28
"ambienteeuropeo","levante_emv",1,0,0,1,2022-06-28
"Amgarve","Cicloplast_com",1,0,0,1,2022-06-28
"Amgarve","Consum",1,0,0,1,2022-06-28
"Amgarve","eversiagroup",1,0,0,1,2022-06-28
"Amgarve","SaicaGroup_es",1,0,0,1,2022-06-28
"anacanoarribas","anacanoarribas",0,0,1,1,2022-06-28
"anacanoarribas","Cooplliria",1,0,0,1,2022-06-28
"anacanoarribas","CoopsAgroES",1,0,0,1,2022-06-28
"anacanoarribas","GVAagroambient",1,0,0,1,2022-06-28
"anacanoarribas","GVAivace",1,0,0,1,2022-06-28
"anacanoarribas","idainature",1,0,0,1,2022-06-28
"anacanoarribas","UPV",1,0,0,1,2022-06-28
"anacanoarribas","UpvCeqa",1,0,0,1,2022-06-28
"ANAIP_es","ANAIP_es",0,0,1,1,2022-06-28
"ANAIP_es","ANARPLA",1,0,0,1,2022-06-28
"ANAIP_es","AvepAsociacion",1,0,0,1,2022-06-28
"ANAIP_es","CENER_Energia",1,0,0,1,2022-06-28
"ANAIP_es","ChemRecycleNews",1,0,0,1,2022-06-28
"ANAIP_es","deborahciencia",1,0,0,1,2022-06-28
"ANAIP_es","Hispackbcn",1,0,0,1,2022-06-28
"ANAIP_es","NormasUNE",1,0,0,1,2022-06-28
"ANAIP_es","NovaPetCL",1,0,0,1,2022-06-28
"ANAIP_es","PlasticsEurope",1,0,0,1,2022-06-28
"ANAIP_es","SusChemSpain",1,0,0,1,2022-06-28
"anape_eps","ANAIP_es",1,0,0,1,2022-06-28
"anape_eps","ANARPLA",1,0,0,1,2022-06-28
"anape_eps","COEXPAN_",1,0,0,1,2022-06-28
"anape_eps","EU_EASME",1,0,0,1,2022-06-28
"anape_eps","LifeEpsSure",1,0,0,1,2022-06-28
"anape_eps","LIFEprogramme",1,0,0,1,2022-06-28
"AndreaCasoF","AIDIMME",1,0,0,1,2022-06-28
"AndreaCasoF","AIJU_Tecnologi",1,0,0,1,2022-06-28
"AndreaCasoF","aimplas",1,0,0,1,2022-06-28
"AndreaCasoF","ainiatecnologia",1,0,0,1,2022-06-28
"AndreaCasoF","aitex_es",1,0,0,1,2022-06-28
"AndreaCasoF","ibv_org",1,0,0,1,2022-06-28
"AndreaCasoF","InescopTech",1,0,0,1,2022-06-28
"AndreaCasoF","ITC_ceramica",1,0,0,1,2022-06-28
"AndreaCasoF","itene",1,0,0,1,2022-06-28
"AndreaCasoF","itenergia",1,0,0,1,2022-06-28
"AndreaCasoF","ITI_TIC",1,0,0,1,2022-06-28
"andresgilnogues","CEPplast",1,0,0,1,2022-06-28
"andresgilnogues","Cicloplast_com",1,0,0,1,2022-06-28
"andresgilnogues","esplasticos",1,0,0,1,2022-06-28
"andresgilnogues","feria_encaja",1,0,0,1,2022-06-28
"andresgilnogues","feriaecofira",1,0,0,1,2022-06-28
"andresgilnogues","NatxoCosta",1,0,0,1,2022-06-28
"andresgilnogues","PlasticsEuropES",1,0,0,1,2022-06-28
"andresgilnogues","Rafa_Climentg",1,0,0,1,2022-06-28
"andresgilnogues","RETO16CIMAS",1,0,0,1,2022-06-28
"andybajb","aimplas",1,0,0,1,2022-06-28
"andybajb","DLR_en",1,0,0,1,2022-06-28
"andybajb","esa",1,0,0,1,2022-06-28
"andybajb","KTNUK",1,0,0,1,2022-06-28
"andybajb","NCCUKinfo",1,0,0,1,2022-06-28
"andybajb","ukCPI",1,0,0,1,2022-06-28
"aneabe","aimplas",1,0,0,1,2022-06-28
"aneabe","aneabe",1,0,0,1,2022-06-28
"Angel_Molinero","aimplas",1,0,0,1,2022-06-28
"Angel_Molinero","CECOes_",1,0,0,1,2022-06-28
"AnjanaLeon","aimplas",1,0,0,1,2022-06-28
"AnjanaLeon","corifyAF",1,0,0,1,2022-06-28
"AnjanaLeon","Grupo_TSK",1,0,0,1,2022-06-28
"AnjanaLeon","Molecor",1,0,0,1,2022-06-28
"AnjanaLeon","PigCHAMP_Europa",1,0,0,1,2022-06-28
"AnjanaLeon","PlatinoEduca",1,0,0,1,2022-06-28
"AnjanaLeon","skrollerbelt",1,0,0,1,2022-06-28
"ANQUEformacion","anquequimicos",1,0,0,1,2022-06-28
"anquequimicos","anquequimicos",1,0,0,1,2022-06-28
"anquequimicos","Feique_ES",1,0,0,1,2022-06-28
"anquequimicos","PlasticsEuropES",1,0,0,1,2022-06-28
"AnsiaDe","afaquim_asoc",1,0,0,1,2022-06-28
"AnsiaDe","ANARPLA",1,0,0,1,2022-06-28
"AnsiaDe","ChemSpain",1,0,0,1,2022-06-28
"AnsiaDe","davidorreta",1,0,0,1,2022-06-28
"AnsiaDe","Equiplast",1,0,0,1,2022-06-28
"AnsiaDe","Eurosurfas",1,0,0,1,2022-06-28
"AnsiaDe","expoquimia",1,0,0,1,2022-06-28
"AnsiaDe","Feique_ES",1,0,0,1,2022-06-28
"AnsiaDe","Fira_Barcelona",1,0,0,1,2022-06-28
"AnsiaDe","ForoQyS",1,0,0,1,2022-06-28
"AnsiaDe","FuturEnviro",1,0,0,1,2022-06-28
"AnsiaDe","residuscat",1,0,0,1,2022-06-28
"AnsiaDe","RevistaRETEMA",1,0,0,1,2022-06-28
"AperitivoSnacks","ainiatecnologia",1,0,0,1,2022-06-28
"apk_ag","aimplas",1,0,0,1,2022-06-28
"apk_ag","ECOS_Standard",1,0,0,1,2022-06-28
"apk_ag","Eunomia_RandC",1,0,0,1,2022-06-28
"apk_ag","EuRIC_Recycling",1,0,0,1,2022-06-28
"apk_ag","pcepeu",1,0,0,1,2022-06-28
"apk_ag","Umweltbundesamt",1,0,0,1,2022-06-28
"apk_ag","umweltstiftung",1,0,0,1,2022-06-28
"apuntnoticies","AutPortValencia",1,0,0,1,2022-06-28
"Aqua_Radar","aimplas",1,0,0,1,2022-06-28
"AristosInfo","accio_cat",1,0,0,1,2022-06-28
"AristosInfo","aimplas",1,0,0,1,2022-06-28
"AristosInfo","biocat_cat",1,0,0,1,2022-06-28
"AristosInfo","CDTIoficial",1,0,0,1,2022-06-28
"AristosInfo","eencat",1,0,0,1,2022-06-28
"AristosInfo","Eurecat_news",1,0,0,1,2022-06-28
"AristosInfo","H2020_Partner",1,0,0,1,2022-06-28
"AristosInfo","horizonexperts",1,0,0,1,2022-06-28
"AristosInfo","IreneLarroy",1,0,0,1,2022-06-28
"AristosInfo","itene",1,0,0,1,2022-06-28
"AristosInfo","JCGarcia_CDTI",1,0,0,1,2022-06-28
"AristosInfo","jordipietx",1,0,0,1,2022-06-28
"AristosInfo","RosaAriasAlv",1,0,0,1,2022-06-28
"AristosInfo","scibus",1,0,0,1,2022-06-28
"AristosInfo","SorosGabinete",1,0,0,1,2022-06-28
"AristosInfo","talk2much12",1,0,0,1,2022-06-28
"AristosInfo","Wendy_Moreno_EU",1,0,0,1,2022-06-28
"Arturolarena","BelenFranch",1,0,0,1,2022-06-28
"Arturolarena","cdcampo1",1,0,0,1,2022-06-28
"Arturolarena","EFEverde",1,0,0,1,2022-06-28
"Arturolarena","Oceanografic_vl",1,0,0,1,2022-06-28
"Arturolarena","Redit_es",1,0,0,1,2022-06-28
"Arturolarena","trypanus",1,0,0,1,2022-06-28
"ArviInnovapesca","ArviInnovapesca",1,0,0,1,2022-06-28
"ArviInnovapesca","salvamentogob",1,0,0,1,2022-06-28
"AsajaNacional","aimplas",1,0,0,1,2022-06-28
"Ascensi44734450","aecquimico",1,0,0,1,2022-06-28
"Ascensi44734450","aeqtonline",1,0,0,1,2022-06-28
"Ascensi44734450","aimplas",1,0,0,1,2022-06-28
"Ascensi44734450","ANAIP_es",1,0,0,1,2022-06-28
"Ascensi44734450","anape_eps",1,0,0,1,2022-06-28
"Ascensi44734450","esplasticos",1,0,0,1,2022-06-28
"Ascensi44734450","Feique_ES",1,0,0,1,2022-06-28
"AseBio","aimplas",1,0,0,1,2022-06-28
"AseBio","Biopolis_SL",1,0,0,1,2022-06-28
"Asefapi_Es","AIDIMME",1,0,0,1,2022-06-28
"Asefapi_Es","AIJU_Tecnologi",1,0,0,1,2022-06-28
"Asefapi_Es","Asefapi_Es",0,0,1,1,2022-06-28
"Asefapi_Es","CIDETEC_",1,0,0,1,2022-06-28
"Asefapi_Es","ensateclab",1,0,0,1,2022-06-28
"Asefapi_Es","INEGIPORTO",1,0,0,1,2022-06-28
"Asefapi_Es","ITAINNOVA",1,0,0,1,2022-06-28
"Asefapi_Es","Neurtek",1,0,0,1,2022-06-28
"Asefapi_Es","tecnalia",1,0,0,1,2022-06-28
"Asesoria_Tefico","aimplas",1,0,0,1,2022-06-28
"Asesoria_Tefico","inbiotecenlared",1,0,0,1,2022-06-28
"Asesoria_Tefico","UAHes",1,0,0,1,2022-06-28
"AseTUB","applus",1,0,0,1,2022-06-28
"AseTUB","emasesa",1,0,0,1,2022-06-28
"AseTUB","javisollanero",1,0,0,1,2022-06-28
"ASIAN_Andalucia","aimplas",1,0,0,1,2022-06-28
"ASIAN_Andalucia","CoopsAgroAND",1,0,0,1,2022-06-28
"AsocEyC","ACortinaPantion",1,0,0,1,2022-06-28
"AsocEyC","Correos",1,0,0,1,2022-06-28
"AsocEyC","cristinasancho",1,0,0,1,2022-06-28
"AsocEyC","EspejoPublico",1,0,0,1,2022-06-28
"AsocEyC","foroinserta",1,0,0,1,2022-06-28
"AsocEyC","IKEASpain",1,0,0,1,2022-06-28
"asociacionruvid","CienciaGob",1,0,0,1,2022-06-28
"asociacionruvid","ETSEUV",1,0,0,1,2022-06-28
"asociacionruvid","GlobalOmnium",1,0,0,1,2022-06-28
"asociacionruvid","Grupo_CALAGUA",1,0,0,1,2022-06-28
"asociacionruvid","GVAavi",1,0,0,1,2022-06-28
"asociacionruvid","ibv_org",1,0,0,1,2022-06-28
"asociacionruvid","iiama_upv",1,0,0,1,2022-06-28
"asociacionruvid","ITC_ceramica",1,0,0,1,2022-06-28
"Asturicae","aimplas",1,0,0,1,2022-06-28
"Asturicae","geqo_rseq",1,0,0,1,2022-06-28
"Asturicae","inbiotecenlared",1,0,0,1,2022-06-28
"Asturicae","IQAR_UAH",1,0,0,1,2022-06-28
"Asturicae","lualnu10",1,0,0,1,2022-06-28
"Asturicae","UAHes",1,0,0,1,2022-06-28
"atmbiopro","aacudam",1,0,0,1,2022-06-28
"atmbiopro","AgroBioCluster",1,0,0,1,2022-06-28
"atmbiopro","aimplas",1,0,0,1,2022-06-28
"atmbiopro","BBI2020",1,0,0,1,2022-06-28
"atmbiopro","GenHydro",1,0,0,1,2022-06-28
"atmbiopro","GreenovateEU",1,0,0,1,2022-06-28
"atmbiopro","mi_sustainable",1,0,0,1,2022-06-28
"atmbiopro","RISEProcessum",1,0,0,1,2022-06-28
"atmbiopro","tecnopackaging",1,0,0,1,2022-06-28
"atmbiopro","unlock",1,0,0,1,2022-06-28
"auto_revista","aimplas",1,0,0,1,2022-06-28
"auto_revista","auto_revista",0,0,1,1,2022-06-28
"AutoIntExpo","aimplas",1,0,0,1,2022-06-28
"automatica_","Cicloplast_com",1,0,0,1,2022-06-28
"AutoTestExpo","aimplas",1,0,0,1,2022-06-28
"autotestmag","aimplas",1,0,0,1,2022-06-28
"AutPortValencia","aj_gandia",1,0,0,1,2022-06-28
"AutPortValencia","AsnavieraVlc",1,0,0,1,2022-06-28
"AutPortValencia","CaveCova",1,0,0,1,2022-06-28
"AutPortValencia","FValenciaport",1,0,0,1,2022-06-28
"AutPortValencia","GVAagroambient",1,0,0,1,2022-06-28
"AutPortValencia","IMOHQ",1,0,0,1,2022-06-28
"AutPortValencia","Inn_Somnia",1,0,0,1,2022-06-28
"AutPortValencia","lamarinadevlc",1,0,0,1,2022-06-28
"AutPortValencia","MEDportsAsso",1,0,0,1,2022-06-28
"AutPortValencia","propellervlc",1,0,0,1,2022-06-28
"AutPortValencia","PuertosEstado",1,0,0,1,2022-06-28
"AutPortValencia","RETE_digital",1,0,0,1,2022-06-28
"AutPortValencia","visitgandia",1,0,0,1,2022-06-28
"AVEmpresarios","AIDIMME",1,0,0,1,2022-06-28
"AVEmpresarios","AIJU_Tecnologi",1,0,0,1,2022-06-28
"AVEmpresarios","aimplas",1,0,0,1,2022-06-28
"AVEmpresarios","ainiatecnologia",1,0,0,1,2022-06-28
"AVEmpresarios","aitex_es",1,0,0,1,2022-06-28
"AVEmpresarios","ibv_org",1,0,0,1,2022-06-28
"AVEmpresarios","InescopTech",1,0,0,1,2022-06-28
"AVEmpresarios","ITC_ceramica",1,0,0,1,2022-06-28
"AVEmpresarios","itene",1,0,0,1,2022-06-28
"AVEmpresarios","itenergia",1,0,0,1,2022-06-28
"AVEmpresarios","ITI_TIC",1,0,0,1,2022-06-28
"AVEmpresarios","Saludes_Ind",1,0,0,1,2022-06-28
"AvepAsociacion","AIDIMME",1,0,0,1,2022-06-28
"AvepAsociacion","InescopTech",1,0,0,1,2022-06-28
"AvepAsociacion","PlasticsEurope",1,0,0,1,2022-06-28
"Azmudeu","PRIMAInnovation",1,0,0,1,2022-06-28
"AZoCleantech","aimplas",1,0,0,1,2022-06-28
"baixauli25","aimplas",1,0,0,1,2022-06-28
"baixauli25","idainature",1,0,0,1,2022-06-28
"baixauli25","Novamont",1,0,0,1,2022-06-28
"Baliht_EU","Baliht_EU",0,1,0,1,2022-06-28
"Baliht_EU","energigune_brta",0,1,0,1,2022-06-28
"Baliht_EU","IFBFFlowBattery",1,0,0,1,2022-06-28
"Baliht_EU","JaviPL19",1,0,0,1,2022-06-28
"barana__","aimplas",1,0,0,1,2022-06-28
"BASF_ES","aimplas",1,0,0,1,2022-06-28
"BASF_ES","Feique_ES",1,0,0,1,2022-06-28
"BASF_ES","PlasticsEuropES",1,0,0,1,2022-06-28
"basurasmarinas","_Roberto_Rosal",1,0,0,1,2022-06-28
"basurasmarinas","CocaColaEP_es",1,0,0,1,2022-06-28
"basurasmarinas","consumidores",1,0,0,1,2022-06-28
"basurasmarinas","ecoalf",1,0,0,1,2022-06-28
"basurasmarinas","ICMCSIC",1,0,0,1,2022-06-28
"basurasmarinas","Ihobe_Eus",1,0,0,1,2022-06-28
"basurasmarinas","JRenovable",1,0,0,1,2022-06-28
"basurasmarinas","maguadoarnaez",1,0,0,1,2022-06-28
"basurasmarinas","PlasticsEurope",1,0,0,1,2022-06-28
"basurasmarinas","ucauce",1,0,0,1,2022-06-28
"BatteriesNews","aimplas",1,0,0,1,2022-06-28
"BBVAMomentum","aimplas",1,0,0,1,2022-06-28
"BBVAMomentum","RevistaHaz",1,0,0,1,2022-06-28
"BeonNAT_H2020","ipbragancaEN",1,0,0,1,2022-06-28
"Berto_Jaramillo","aeioLuz",1,0,0,1,2022-06-28
"Berto_Jaramillo","aimplas",1,0,0,1,2022-06-28
"Berto_Jaramillo","alannaasoc",1,0,0,1,2022-06-28
"Berto_Jaramillo","Berto_Jaramillo",0,0,1,1,2022-06-28
"Berto_Jaramillo","BIOagradables",1,0,0,1,2022-06-28
"Berto_Jaramillo","greenurbandata",1,0,0,1,2022-06-28
"Berto_Jaramillo","VortexCoworking",1,0,0,1,2022-06-28
"Berto_Jaramillo","webmesura",1,0,0,1,2022-06-28
"BIGBANInversion","andpasvid",1,0,0,1,2022-06-28
"BIGBANInversion","BIGBANInversion",0,0,1,1,2022-06-28
"BIGBANInversion","BiopoloLaFe",1,0,0,1,2022-06-28
"BIGBANInversion","dealavah",1,0,0,1,2022-06-28
"BIGBANInversion","IDEASUPV",1,0,0,1,2022-06-28
"BIGBANInversion","igriol",1,0,0,1,2022-06-28
"BIGBANInversion","marcerverareig",1,0,0,1,2022-06-28
"BIGBANInversion","parccientificuv",1,0,0,1,2022-06-28
"BIGBANInversion","startupslabs",1,0,0,1,2022-06-28
"BIGBANInversion","tomhorsey",1,0,0,1,2022-06-28
"Bio_Markets","aimplas",1,0,0,1,2022-06-28
"Bio_Markets","BBI2020",1,0,0,1,2022-06-28
"Bio_Markets","Centexbel",1,0,0,1,2022-06-28
"Bio_Markets","CervezaMica",1,0,0,1,2022-06-28
"Bio_Markets","ENCOsrl",1,0,0,1,2022-06-28
"Bio_Markets","EUBioplastics",1,0,0,1,2022-06-28
"Bio_Markets","iris_rd",1,0,0,1,2022-06-28
"Bio_Markets","PlasmaLeapTech",1,0,0,1,2022-06-28
"Bio_Markets","sabiomaterials",1,0,0,1,2022-06-28
"Bio_Markets","SAV_lavega",1,0,0,1,2022-06-28
"Bioeconomia_And","aimplas",1,0,0,1,2022-06-28
"BIOnTop_Project","tecnalia",1,0,0,1,2022-06-28
"bioplasticsmag","BIOnTop_Project",1,0,0,1,2022-06-28
"BioSenseRS","aimplas",1,0,0,1,2022-06-28
"BioSenseRS","EU_H2020",1,0,0,1,2022-06-28
"BioSenseRS","GVAivia",1,0,0,1,2022-06-28
"BioSenseRS","Novamont",1,0,0,1,2022-06-28
"BioSenseRS","Terra_i_Xufa",1,0,0,1,2022-06-28
"BioSenseRS","tuc_chania",1,0,0,1,2022-06-28
"BioSenseRS","UA_Universidad",1,0,0,1,2022-06-28
"BIOVAL_es","aitex_es",1,0,0,1,2022-06-28
"BIOVAL_es","cdti",1,0,0,1,2022-06-28
"BIOVAL_es","ceei",1,0,0,1,2022-06-28
"BIOVAL_es","ed_cvalenciana",1,0,0,1,2022-06-28
"BIOVAL_es","SAV_lavega",1,0,0,1,2022-06-28
"BioVale_Cluster","aimplas",1,0,0,1,2022-06-28
"BioVale_Cluster","BBI2020",1,0,0,1,2022-06-28
"BioVale_Cluster","biconsortium",1,0,0,1,2022-06-28
"BioVale_Cluster","biobaseddelta",1,0,0,1,2022-06-28
"BioVale_Cluster","CLIB2021",1,0,0,1,2022-06-28
"BioVale_Cluster","fertinagro",1,0,0,1,2022-06-28
"BioVale_Cluster","IARcluster",1,0,0,1,2022-06-28
"BioVale_Cluster","iris_rd",1,0,0,1,2022-06-28
"BioVale_Cluster","irtacat",1,0,0,1,2022-06-28
"BioVale_Cluster","itene",1,0,0,1,2022-06-28
"BioVale_Cluster","ualmeria",1,0,0,1,2022-06-28
"BioVale_Cluster","Unibo",1,0,0,1,2022-06-28
"BlauBenidorm","Actecosl",1,0,0,1,2022-06-28
"BlauBenidorm","aimplas",1,0,0,1,2022-06-28
"BlueMedEU","ACTeon_Env",1,0,0,1,2022-06-28
"BlueMedEU","CEPESCA",1,0,0,1,2022-06-28
"BlueMedEU","CNRsocial_",1,0,0,1,2022-06-28
"BlueMedEU","EBRD",1,0,0,1,2022-06-28
"BlueMedEU","EU_MARE",1,0,0,1,2022-06-28
"BlueMedEU","EUScienceInnov",1,0,0,1,2022-06-28
"BlueMedEU","FederpescaIT",1,0,0,1,2022-06-28
"BlueMedEU","hcmr_gr",1,0,0,1,2022-06-28
"BlueMedEU","MiTE_IT",1,0,0,1,2022-06-28
"BlueMedEU","OGS_IT",1,0,0,1,2022-06-28
"BlueMedEU","RempecNews",1,0,0,1,2022-06-28
"BlueMedEU","Transport_EU",1,0,0,1,2022-06-28
"BlueMedEU","UN_FAO_GFCM",1,0,0,1,2022-06-28
"BlueMedEU","WorldBank",1,0,0,1,2022-06-28
"BritishPlastics","aimplas",1,0,0,1,2022-06-28
"bruin_bas","aimplas",1,0,0,1,2022-06-28
"bruin_bas","Cedem_ULiege",1,0,0,1,2022-06-28
"bruin_bas","HorizonEU",1,0,0,1,2022-06-28
"bruin_bas","ICIQchem",1,0,0,1,2022-06-28
"bruin_bas","UniHeidelberg",1,0,0,1,2022-06-28
"bruin_bas","UNIRennes",1,0,0,1,2022-06-28
"bte_lab","aimplas",1,0,0,1,2022-06-28
"bte_lab","GVAavi",1,0,0,1,2022-06-28
"bte_lab","HGUVALENCIA",1,0,0,1,2022-06-28
"bte_lab","It3dgroup",1,0,0,1,2022-06-28
"byproductplace","aimplas",1,0,0,1,2022-06-28
"byproductplace","byproductplace",0,0,1,1,2022-06-28
"byproductplace","Coexphal",1,0,0,1,2022-06-28
"byproductplace","Grupo_Ence",1,0,0,1,2022-06-28
"byproductplace","LuisMiFedz",1,0,0,1,2022-06-28
"ca_poblats","aimplas",1,0,0,1,2022-06-28
"ca_poblats","AjuntamentVLC",1,0,0,1,2022-06-28
"ca_poblats","caixabank",1,0,0,1,2022-06-28
"ca_poblats","CMplastik",1,0,0,1,2022-06-28
"ca_poblats","FundacionBcja",1,0,0,1,2022-06-28
"ca_poblats","generalitat",1,0,0,1,2022-06-28
"ca_poblats","Inn_Somnia",1,0,0,1,2022-06-28
"ca_poblats","Vertidos_Cero",1,0,0,1,2022-06-28
"ca_poblats","villomar",1,0,0,1,2022-06-28
"cabocla2001","aimplas",1,0,0,1,2022-06-28
"cabocla2001","BASF_ES",1,0,0,1,2022-06-28
"cabocla2001","deborahciencia",1,0,0,1,2022-06-28
"cabocla2001","PlasticsEuropES",1,0,0,1,2022-06-28
"cabocla2001","Repsol",1,0,0,1,2022-06-28
"cabocla2001","SABIC",1,0,0,1,2022-06-28
"cabocla2001","SusChemSpain",1,0,0,1,2022-06-28
"cadecordobaAE","AceiteOlivalle",1,0,0,1,2022-06-28
"cadecordobaAE","aimplas",1,0,0,1,2022-06-28
"Cajamar","AlimentariaBCN",1,0,0,1,2022-06-28
"Cajamar","Bioiberica",1,0,0,1,2022-06-28
"Cajamar","Condislife",1,0,0,1,2022-06-28
"Cajamar","EstrellaDammEs",1,0,0,1,2022-06-28
"campuscomposits","AEMAC_",1,0,0,1,2022-06-28
"campuscomposits","aernnova_usa",1,0,0,1,2022-06-28
"campuscomposits","aimplas",1,0,0,1,2022-06-28
"campuscomposits","AirbusHeli",1,0,0,1,2022-06-28
"campuscomposits","amade_udg",1,0,0,1,2022-06-28
"carlosgarcia_85","aimplas",1,0,0,1,2022-06-28
"carreraempresas","aimplas",1,0,0,1,2022-06-28
"castellonplaza_","aimplas",1,0,0,1,2022-06-28
"CatedraMare","aimplas",1,0,0,1,2022-06-28
"CathrineBarth","aimplas",1,0,0,1,2022-06-28
"CathrineBarth","BIRworld",1,0,0,1,2022-06-28
"CathrineBarth","cathrinejahnsen",1,0,0,1,2022-06-28
"CathrineBarth","estoknes",1,0,0,1,2022-06-28
"CathrineBarth","EU_ENV",1,0,0,1,2022-06-28
"CathrineBarth","EuRIC_Recycling",1,0,0,1,2022-06-28
"CathrineBarth","IFEMA",1,0,0,1,2022-06-28
"CathrineBarth","ilomelde",1,0,0,1,2022-06-28
"CathrineBarth","ISRI",1,0,0,1,2022-06-28
"CathrineBarth","jcvestre",1,0,0,1,2022-06-28
"CathrineBarth","mrai_india",1,0,0,1,2022-06-28
"CathrineBarth","paalfrisvold",1,0,0,1,2022-06-28
"CathrineBarth","Paprec_Group",1,0,0,1,2022-06-28
"CathrineBarth","reciclajeFER",1,0,0,1,2022-06-28
"CathrineBarth","repacar",1,0,0,1,2022-06-28
"CathrineBarth","tovechristine",1,0,0,1,2022-06-28
"CBIT_upv","aimplas",1,0,0,1,2022-06-28
"cbm_noticias","AceiteOlivalle",1,0,0,1,2022-06-28
"cbm_noticias","aimplas",1,0,0,1,2022-06-28
"ccasellascoll","aimplas",1,0,0,1,2022-06-28
"ccasellascoll","aitex_es",1,0,0,1,2022-06-28
"ccasellascoll","ClusterFPrint",1,0,0,1,2022-06-28
"ccasellascoll","Eurecat_news",1,0,0,1,2022-06-28
"ccasellascoll","itene",1,0,0,1,2022-06-28
"ccasellascoll","Naitec_CT",1,0,0,1,2022-06-28
"ccasellascoll","PT3NEO",1,0,0,1,2022-06-28
"ccasellascoll","SmartEEsEU",1,0,0,1,2022-06-28
"ccasellascoll","tecnalia",1,0,0,1,2022-06-28
"ccasellascoll","UNavarra",1,0,0,1,2022-06-28
"cdcampo1","AIDIMME",1,0,0,1,2022-06-28
"cdcampo1","AIJU_Tecnologi",1,0,0,1,2022-06-28
"cdcampo1","aitex_es",1,0,0,1,2022-06-28
"cdcampo1","Aranviyu",1,0,0,1,2022-06-28
"cdcampo1","BVilata",1,0,0,1,2022-06-28
"cdcampo1","Fedit",1,0,0,1,2022-06-28
"cdcampo1","GVAavi",1,0,0,1,2022-06-28
"cdcampo1","GVAinnova",1,0,0,1,2022-06-28
"cdcampo1","GVAivace",1,0,0,1,2022-06-28
"cdcampo1","ibv_org",1,0,0,1,2022-06-28
"cdcampo1","InescopTech",1,0,0,1,2022-06-28
"cdcampo1","ITC_ceramica",1,0,0,1,2022-06-28
"cdcampo1","itene",1,0,0,1,2022-06-28
"cdcampo1","itenergia",1,0,0,1,2022-06-28
"cdcampo1","ITI_TIC",1,0,0,1,2022-06-28
"cdcampo1","OCRValencia",1,0,0,1,2022-06-28
"cdcampo1","palbeme",1,0,0,1,2022-06-28
"cdcampo1","PalcongresVLC",1,0,0,1,2022-06-28
"cdcampo1","teatroolympia",1,0,0,1,2022-06-28
"CdeCarnica","Agroforest_JAL",1,0,0,1,2022-06-28
"CdeCarnica","BetoELescamoso",1,0,0,1,2022-06-28
"CdeCarnica","Certicar_",1,0,0,1,2022-06-28
"CdeCarnica","CoralCarrasco4",1,0,0,1,2022-06-28
"CdeCarnica","elhordoy_luis",1,0,0,1,2022-06-28
"CdeCarnica","GSCSAL",1,0,0,1,2022-06-28
"CdeCarnica","jhaa2020",1,0,0,1,2022-06-28
"CdeCarnica","juancfa16",1,0,0,1,2022-06-28
"CdeCarnica","LaComarcaMeats",1,0,0,1,2022-06-28
"CdeCarnica","Lumeoh",1,0,0,1,2022-06-28
"CdeCarnica","osayagues",1,0,0,1,2022-06-28
"CdeCarnica","rami44618546",1,0,0,1,2022-06-28
"CDTI_innovacion","BlueplasmaPower",1,0,0,1,2022-06-28
"CDTI_innovacion","HorizonteEuropa",1,0,0,1,2022-06-28
"ceei","ainiatecnologia",1,0,0,1,2022-06-28
"ceei","ITC_Packaging",1,0,0,1,2022-06-28
"ceeivalencia","AIJU_Tecnologi",1,0,0,1,2022-06-28
"ceeivalencia","caterina_coll",1,0,0,1,2022-06-28
"ceeivalencia","DarwinBioprosp",1,0,0,1,2022-06-28
"ceeivalencia","ibv_org",1,0,0,1,2022-06-28
"ceeivalencia","ITC_ceramica",1,0,0,1,2022-06-28
"ceeivalencia","ITI_TIC",1,0,0,1,2022-06-28
"ceeivalencia","Julia_company",1,0,0,1,2022-06-28
"ceeivalencia","rafacliment_",1,0,0,1,2022-06-28
"ceeivalencia","Rebeca_Torro",1,0,0,1,2022-06-28
"CEPplast","3Dnatives_ES",1,0,0,1,2022-06-28
"CEPplast","AEBALL_UPMBALL",1,0,0,1,2022-06-28
"CEPplast","AEMAC_",1,0,0,1,2022-06-28
"CEPplast","AerAutomation",1,0,0,1,2022-06-28
"CEPplast","aiasasociacion",1,0,0,1,2022-06-28
"CEPplast","ANARPLA",1,0,0,1,2022-06-28
"CEPplast","ascameorg",1,0,0,1,2022-06-28
"CEPplast","camarascomercio",1,0,0,1,2022-06-28
"CEPplast","cambrabcn",1,0,0,1,2022-06-28
"CEPplast","ClubMktBcn",1,0,0,1,2022-06-28
"CEPplast","ClusterCICAT",1,0,0,1,2022-06-28
"CEPplast","Digicomexpo",1,0,0,1,2022-06-28
"CEPplast","elpublicistacom",1,0,0,1,2022-06-28
"CEPplast","Envaspres",1,0,0,1,2022-06-28
"CEPplast","eoi",1,0,0,1,2022-06-28
"CEPplast","Eurecat_news",1,0,0,1,2022-06-28
"CEPplast","HispaRob",1,0,0,1,2022-06-28
"CEPplast","industrialesand",1,0,0,1,2022-06-28
"CEPplast","innovallcluster",1,0,0,1,2022-06-28
"CEPplast","int_envase",1,0,0,1,2022-06-28
"CEPplast","IPMARK",1,0,0,1,2022-06-28
"CEPplast","itene",1,0,0,1,2022-06-28
"CEPplast","mincoturgob",1,0,0,1,2022-06-28
"CEPplast","packcluster",1,0,0,1,2022-06-28
"CEPplast","PatronalCecot",1,0,0,1,2022-06-28
"CEPplast","RevistaInfopack",1,0,0,1,2022-06-28
"CEPplast","SECARTYS",1,0,0,1,2022-06-28
"CetecCentro","aimplas",1,0,0,1,2022-06-28
"CetecCentro","ANAIP_es",1,0,0,1,2022-06-28
"charo_barroso","aimplas",1,0,0,1,2022-06-28
"charo_barroso","GVAavi",1,0,0,1,2022-06-28
"ChemMouse","aimplas",1,0,0,1,2022-06-28
"ChemMouse","Cedem_ULiege",1,0,0,1,2022-06-28
"ChemMouse","HorizonEU",1,0,0,1,2022-06-28
"ChemMouse","ICIQchem",1,0,0,1,2022-06-28
"ChemMouse","UniHeidelberg",1,0,0,1,2022-06-28
"ChemMouse","UNIRennes",1,0,0,1,2022-06-28
"chemplastexpo","aimplas",1,0,0,1,2022-06-28
"ChemRecycleNews","aimplas",1,0,0,1,2022-06-28
"CheriChuang","aimplas",1,0,0,1,2022-06-28
"CheriChuang","ainiatecnologia",1,0,0,1,2022-06-28
"CheriChuang","materbi",1,0,0,1,2022-06-28
"CheriChuang","PalcongresVLC",1,0,0,1,2022-06-28
"chimie_ISCR","aimplas",1,0,0,1,2022-06-28
"chimie_ISCR","Cedem_ULiege",1,0,0,1,2022-06-28
"chimie_ISCR","HorizonEU",1,0,0,1,2022-06-28
"chimie_ISCR","ICIQchem",1,0,0,1,2022-06-28
"chimie_ISCR","INC_CNRS",1,0,0,1,2022-06-28
"chimie_ISCR","UniHeidelberg",1,0,0,1,2022-06-28
"chimie_ISCR","UnivRennes1",1,0,0,1,2022-06-28
"Cicloplast_com","ANAIP_es",1,0,0,1,2022-06-28
"Cicloplast_com","FuturEnviro",0,1,0,1,2022-06-28
"ciconiaeduca","AceiteOlivalle",1,0,0,1,2022-06-28
"ciconiaeduca","aimplas",1,0,0,1,2022-06-28
"Cidaut","AEMAC_",1,0,0,1,2022-06-28
"Cidaut","RevistaRETEMA",1,0,0,1,2022-06-28
"Cidaut","unisevilla",1,0,0,1,2022-06-28
"Cidaut","UVA",1,0,0,1,2022-06-28
"CIDETEC_","aimplas",1,0,0,1,2022-06-28
"CIMPA_Project","CT_IPC",1,0,0,1,2022-06-28
"CIMPA_Project","EuRIC_Recycling",1,0,0,1,2022-06-28
"CIMPA_Project","PalcongresVLC",1,0,0,1,2022-06-28
"CIMPA_Project","TNO_Research",1,0,0,1,2022-06-28
"CIMPA_Project","VTTFinland",1,0,0,1,2022-06-28
"cinea_eu","aqua_lit",1,0,0,1,2022-06-28
"cinea_eu","CiimarUp",1,0,0,1,2022-06-28
"cinea_eu","cinea_eu",0,0,1,1,2022-06-28
"cinea_eu","GeoEnvTech",1,0,0,1,2022-06-28
"cinea_eu","marGnetproject",1,0,0,1,2022-06-28
"cinea_eu","NetTagProject",1,0,0,1,2022-06-28
"cir_plus","aimplas",1,0,0,1,2022-06-28
"cir_plus","SCS4Circularity",1,0,0,1,2022-06-28
"cir_plus","ZAGGdaily",1,0,0,1,2022-06-28
"Circulariana","aimplas",1,0,0,1,2022-06-28
"Circulariana","stanpa_es",1,0,0,1,2022-06-28
"Club_Excelencia","ColegioSalliver",1,0,0,1,2022-06-28
"Club_Excelencia","GrupoSorollaEdu",1,0,0,1,2022-06-28
"clubcalidadcom","aimplas",1,0,0,1,2022-06-28
"clubcalidadcom","CentrosCex",1,0,0,1,2022-06-28
"clubcalidadcom","corifyAF",1,0,0,1,2022-06-28
"clubcalidadcom","Grupo_TSK",1,0,0,1,2022-06-28
"clubcalidadcom","Molecor",1,0,0,1,2022-06-28
"clubcalidadcom","PigCHAMP_Europa",1,0,0,1,2022-06-28
"clubcalidadcom","PlatinoEduca",1,0,0,1,2022-06-28
"clubcalidadcom","skrollerbelt",1,0,0,1,2022-06-28
"ClubInnovAgri","aimplas",1,0,0,1,2022-06-28
"ClubInnovAgri","Biopolis_SL",1,0,0,1,2022-06-28
"ClubInnovAgri","FAO",1,0,0,1,2022-06-28
"ClubInnovAgri","FEDACOVA_VLC",1,0,0,1,2022-06-28
"ClubInnovAgri","mganadero",1,0,0,1,2022-06-28
"ClubInnovAgri","quesodoshermana",1,0,0,1,2022-06-28
"ClubInnovAgri","QuesosCabezuela",1,0,0,1,2022-06-28
"clusaga","aimplas",1,0,0,1,2022-06-28
"clusaga","ainiatecnologia",1,0,0,1,2022-06-28
"ClusterFPrint","CienciaGob",1,0,0,1,2022-06-28
"ClusterFPrint","ClusterFPrint",1,0,0,1,2022-06-28
"ClusterFPrint","Eurecat_news",1,0,0,1,2022-06-28
"ClusterFPrint","itene",1,0,0,1,2022-06-28
"CMplastik","aimplas",1,0,0,1,2022-06-28
"CNTA_CIT","mapagob",1,0,0,1,2022-06-28
"COEXPAN_","ainiatecnologia",1,0,0,1,2022-06-28
"COEXPAN_","Cicloplast_com",1,0,0,1,2022-06-28
"COGITIValencia","GVAeconomia",1,0,0,1,2022-06-28
"COGITIValencia","GVAivace",1,0,0,1,2022-06-28
"COGITIValencia","valenciaplaza",1,0,0,1,2022-06-28
"COIQCV","aimplas",1,0,0,1,2022-06-28
"Colquimva","ainiatecnologia",1,0,0,1,2022-06-28
"Colquimva","PalcongresVLC",1,0,0,1,2022-06-28
"COMERCIALGODO","aimplas",1,0,0,1,2022-06-28
"COMERCIALGODO","Feique_ES",1,0,0,1,2022-06-28
"COMERCIALGODO","industriQuimica",0,1,0,1,2022-06-28
"consaem","aimplas",1,0,0,1,2022-06-28
"consaem","Feique_ES",1,0,0,1,2022-06-28
"consaem","PlasticsEuropES",1,0,0,1,2022-06-28
"ConsejoAgricola","aimplas",1,0,0,1,2022-06-28
"ContelLab","aimplas",1,0,0,1,2022-06-28
"ContelLab","Cedem_ULiege",1,0,0,1,2022-06-28
"ContelLab","HorizonEU",1,0,0,1,2022-06-28
"ContelLab","ICIQchem",1,0,0,1,2022-06-28
"ContelLab","UniHeidelberg",1,0,0,1,2022-06-28
"ContelLab","UNIRennes",1,0,0,1,2022-06-28
"convertronic","aimplas",1,0,0,1,2022-06-28
"CoopsAgroCV","CoopsAgroCV",0,0,1,1,2022-06-28
"COPEPozoblanco","AceiteOlivalle",1,0,0,1,2022-06-28
"COPEPozoblanco","aimplas",1,0,0,1,2022-06-28
"COPEPozoblanco","CECOes_",1,0,0,1,2022-06-28
"coplasem","aimplas",1,0,0,1,2022-06-28
"CoralieJehanno","aimplas",1,0,0,1,2022-06-28
"CoralieJehanno","PlasticsEuropES",1,0,0,1,2022-06-28
"Corresponsables","Corresponsables",0,0,1,1,2022-06-28
"CosmeticLatam","CosmeticLatam",0,0,1,1,2022-06-28
"coverpansl","aimplas",1,0,0,1,2022-06-28
"Creast_Network","aimplas",1,0,0,1,2022-06-28
"Creast_Network","RevistaRETEMA",1,0,0,1,2022-06-28
"CRIBE_Biomass","aimplas",1,0,0,1,2022-06-28
"CRIBE_Biomass","TNO_Research",1,0,0,1,2022-06-28
"CristiS21698039","aimplas",1,0,0,1,2022-06-28
"CristiS21698039","Vertidos_Cero",1,0,0,1,2022-06-28
"Crowdhelix","iris_rd",1,0,0,1,2022-06-28
"Crowdhelix","MulticycleP",1,0,0,1,2022-06-28
"Crowdhelix","preserve_h2020",1,0,0,1,2022-06-28
"CsCValenciana","aimplas",1,0,0,1,2022-06-28
"CsCValenciana","CGraciaCalandin",1,0,0,1,2022-06-28
"CsCValenciana","rut_merino",1,0,0,1,2022-06-28
"CServees","aimplas",1,0,0,1,2022-06-28
"CServees","LinkedIn",1,0,0,1,2022-06-28
"CticCita","aimplas",1,0,0,1,2022-06-28
"CticCita","launioncorp",1,0,0,1,2022-06-28
"CVI_V3","CORDIS_EU",1,0,0,1,2022-06-28
"CVI_V3","URBANREC_H2020",1,0,0,1,2022-06-28
"Damocle12183353","aimplas",1,0,0,1,2022-06-28
"DaniDiegoGar75","1974mariajo",1,0,0,1,2022-06-28
"DaniDiegoGar75","aimplas",1,0,0,1,2022-06-28
"DaniDiegoGar75","AsociacinEmpre2",1,0,0,1,2022-06-28
"DaniDiegoGar75","AvepAsociacion",1,0,0,1,2022-06-28
"DaniDiegoGar75","FEPEVAL",1,0,0,1,2022-06-28
"DaniDiegoGar75","htroyano_",1,0,0,1,2022-06-28
"DaniDiegoGar75","juan_poti",1,0,0,1,2022-06-28
"DaniDiegoGar75","xavivilamarxant",1,0,0,1,2022-06-28
"DaniDiegoGar75","YouTube",1,0,0,1,2022-06-28
"davidorreta","Cicloplast_com",1,0,0,1,2022-06-28
"davidorreta","GAIKER_BRTA",1,0,0,1,2022-06-28
"davidorreta","ITC_ceramica",1,0,0,1,2022-06-28
"deborahciencia","aimplas",1,0,0,1,2022-06-28
"deborahciencia","BASF_ES",1,0,0,1,2022-06-28
"deborahciencia","PlasticsEuropES",1,0,0,1,2022-06-28
"deborahciencia","Repsol",1,0,0,1,2022-06-28
"deborahciencia","SABIC",1,0,0,1,2022-06-28
"detectormadrid","aimplas",1,0,0,1,2022-06-28
"DevsPunkClub","ADELMA_Asoc",1,0,0,1,2022-06-28
"DevsPunkClub","aeqtonline",1,0,0,1,2022-06-28
"DevsPunkClub","aimplas",1,0,0,1,2022-06-28
"DevsPunkClub","ANAIP_es",1,0,0,1,2022-06-28
"DevsPunkClub","anape_eps",1,0,0,1,2022-06-28
"DevsPunkClub","DevsPunkClub",0,1,0,1,2022-06-28
"DevsPunkClub","esplasticos",1,0,0,1,2022-06-28
"DevsPunkClub","Feique_ES",1,0,0,1,2022-06-28
"DGreenblogger","BIOnTop_Project",1,0,0,1,2022-06-28
"DigitalEscudo","aimplas",1,0,0,1,2022-06-28
"DigitalEscudo","GVAivace",1,0,0,1,2022-06-28
"DigitalEscudo","ITI_TIC",1,0,0,1,2022-06-28
"dipMurcia","aimplas",1,0,0,1,2022-06-28
"dipMurcia","artsolut",1,0,0,1,2022-06-28
"dipMurcia","EssentraPackES",1,0,0,1,2022-06-28
"dipMurcia","Foro_READ",1,0,0,1,2022-06-28
"dipMurcia","itene",1,0,0,1,2022-06-28
"dipMurcia","Packnet_",1,0,0,1,2022-06-28
"DIseacv","AIDIMME",1,0,0,1,2022-06-28
"DIseacv","aimplas",1,0,0,1,2022-06-28
"DIseacv","EasdCastello",1,0,0,1,2022-06-28
"DIseacv","Easdorihuela",1,0,0,1,2022-06-28
"DIseacv","EASDvalencia",1,0,0,1,2022-06-28
"DIseacv","escalcora",1,0,0,1,2022-06-28
"DIseacv","GVAinnova",1,0,0,1,2022-06-28
"DIseacv","kayaya19",1,0,0,1,2022-06-28
"DIseacv","Redit_es",1,0,0,1,2022-06-28
"DominoPrint_ES","ANAIP_es",1,0,0,1,2022-06-28
"DominoPrint_ES","Cicloplast_com",1,0,0,1,2022-06-28
"DominoPrint_ES","esplasticos",1,0,0,1,2022-06-28
"DominoPrint_ES","PlasticsEurope",1,0,0,1,2022-06-28
"DominoPrint_Mx","esplasticos",1,0,0,1,2022-06-28
"DominoPrint_Mx","plastic_museum",1,0,0,1,2022-06-28
"DominoPrint_Mx","RPM_Plasticos",1,0,0,1,2022-06-28
"Dora00051","ADELMA_Asoc",1,0,0,1,2022-06-28
"Dora00051","aeqtonline",1,0,0,1,2022-06-28
"Dora00051","aimplas",1,0,0,1,2022-06-28
"Dora00051","ANAIP_es",1,0,0,1,2022-06-28
"Dora00051","anape_eps",1,0,0,1,2022-06-28
"Dora00051","esplasticos",1,0,0,1,2022-06-28
"Dora00051","Feique_ES",1,0,0,1,2022-06-28
"DriadeSM","aimplas",1,0,0,1,2022-06-28
"DriadeSM","f_f_ambiental",1,0,0,1,2022-06-28
"DriadeSM","Suruscircular",1,0,0,1,2022-06-28
"DulcesNoticias","ainiatecnologia",1,0,0,1,2022-06-28
"DulcesNoticias","ANAIP_es",1,0,0,1,2022-06-28
"DulcesNoticias","ANARPLA",1,0,0,1,2022-06-28
"DulcesNoticias","danone_es",1,0,0,1,2022-06-28
"DulcesNoticias","faerchgroup",1,0,0,1,2022-06-28
"DulcesNoticias","Nestle_es",1,0,0,1,2022-06-28
"DulcesNoticias","UV_EG",1,0,0,1,2022-06-28
"ECAndalucia","20m",1,0,0,1,2022-06-28
"ECCA_Sevilla","ACCIONA",1,0,0,1,2022-06-28
"ECCA_Sevilla","aimplas",1,0,0,1,2022-06-28
"ECCA_Sevilla","ECCA_Sevilla",0,1,0,1,2022-06-28
"ECCA_Sevilla","FundacionRepsol",1,0,0,1,2022-06-28
"ECCA_Sevilla","knaufes",1,0,0,1,2022-06-28
"ECCA_Sevilla","WTS_Horizon",1,0,0,1,2022-06-28
"EcoAvant","aimplas",1,0,0,1,2022-06-28
"EcoconstruMag","AIDIMME",1,0,0,1,2022-06-28
"EcoconstruMag","ITCCANARIAS",1,0,0,1,2022-06-28
"ecoefishent","aimplas",1,0,0,1,2022-06-28
"ecoefishent","Amp_Portofino",1,0,0,1,2022-06-28
"ecoefishent","ARPALiguria",1,0,0,1,2022-06-28
"ecoefishent","cibmlivorno",1,0,0,1,2022-06-28
"ecoefishent","CProplast",1,0,0,1,2022-06-28
"ecoefishent","ItalyFoodTrade",1,0,0,1,2022-06-28
"ecoefishent","Pouvoirdesidees",1,0,0,1,2022-06-28
"ecoefishent","Ticass2012",1,0,0,1,2022-06-28
"ecoefishent","ubarilan",1,0,0,1,2022-06-28
"ecoefishent","WWFitalia",1,0,0,1,2022-06-28
"eComercioAgr","aimplas",1,0,0,1,2022-06-28
"eComercioAgr","CNTA_CIT",1,0,0,1,2022-06-28
"Economia_3","ana_gil_lop",1,0,0,1,2022-06-28
"Economia_3","ANAIP_es",1,0,0,1,2022-06-28
"Economia_3","GVAavi",1,0,0,1,2022-06-28
"Economia_3","IISLaFe",1,0,0,1,2022-06-28
"Economia_3","Industrias_TAYG",1,0,0,1,2022-06-28
"Economia_3","itmupv",1,0,0,1,2022-06-28
"Economia_3","ITQ_UPVCSIC",1,0,0,1,2022-06-28
"EcoxyProject","Avantium",1,0,0,1,2022-06-28
"EcoxyProject","BBI2020",1,0,0,1,2022-06-28
"EcoxyProject","Centexbel",1,0,0,1,2022-06-28
"EcoxyProject","CIDETEC_",1,0,0,1,2022-06-28
"EcoxyProject","crfiat",1,0,0,1,2022-06-28
"EcoxyProject","EcoxyProject",0,0,1,1,2022-06-28
"EcoxyProject","FraunhoferICT",1,0,0,1,2022-06-28
"EcoxyProject","SP_Polymers",1,0,0,1,2022-06-28
"ed_cvalenciana","aimplas",1,0,0,1,2022-06-28
"ed_cvalenciana","BIOVAL_es",1,0,0,1,2022-06-28
"ed_cvalenciana","carlosidai",1,0,0,1,2022-06-28
"ed_cvalenciana","ceeivalencia",1,0,0,1,2022-06-28
"ed_cvalenciana","emprenemjunts",1,0,0,1,2022-06-28
"ed_cvalenciana","itenergia",1,0,0,1,2022-06-28
"EDICIONESSIBILA","AIJU_Tecnologi",1,0,0,1,2022-06-28
"EDICIONESSIBILA","aitex_es",1,0,0,1,2022-06-28
"EDICIONESSIBILA","generalitat",1,0,0,1,2022-06-28
"EDICIONESSIBILA","GVAivace",1,0,0,1,2022-06-28
"EDICIONESSIBILA","GVAlabora",1,0,0,1,2022-06-28
"EditaOla","aimplas",1,0,0,1,2022-06-28
"EditaOla","Arturolarena",1,0,0,1,2022-06-28
"EditaOla","BelenFranch",1,0,0,1,2022-06-28
"edpemo","aimplas",1,0,0,1,2022-06-28
"edpemo","AvepAsociacion",1,0,0,1,2022-06-28
"edpemo","Avia_automocion",1,0,0,1,2022-06-28
"edpemo","CEPplast",1,0,0,1,2022-06-28
"edpemo","HP",1,0,0,1,2022-06-28
"edpemo","IAM3DHUB",1,0,0,1,2022-06-28
"edpemo","industry_arena",1,0,0,1,2022-06-28
"edpemo","PlasticsEuropES",1,0,0,1,2022-06-28
"Educanced","aimplas",1,0,0,1,2022-06-28
"EduTorregrosa12","aimplas",1,0,0,1,2022-06-28
"EduTorregrosa12","corifyAF",1,0,0,1,2022-06-28
"EduTorregrosa12","Grupo_TSK",1,0,0,1,2022-06-28
"EduTorregrosa12","Molecor",1,0,0,1,2022-06-28
"EduTorregrosa12","PigCHAMP_Europa",1,0,0,1,2022-06-28
"EduTorregrosa12","PlatinoEduca",1,0,0,1,2022-06-28
"EEljarrat","aimplas",1,0,0,1,2022-06-28
"EFE_CValenciana","itenergia",1,0,0,1,2022-06-28
"EFE_CValenciana","Redit_es",1,0,0,1,2022-06-28
"Efeagro","aimplas",1,0,0,1,2022-06-28
"Efeagro","idainature",1,0,0,1,2022-06-28
"EFEcomunica","itenergia",1,0,0,1,2022-06-28
"EFEverde","aimplas",1,0,0,1,2022-06-28
"EFEverde","ainiatecnologia",1,0,0,1,2022-06-28
"EFEverde","EFE_CValenciana",1,0,0,1,2022-06-28
"EFEverde","Redit_es",1,0,0,1,2022-06-28
"EIPAGRI_SP","AceiteOlivalle",1,0,0,1,2022-06-28
"EIPAGRI_SP","aimplas",1,0,0,1,2022-06-28
"eldiarioclm","aimplas",1,0,0,1,2022-06-28
"eldiarioclm","inbiotecenlared",1,0,0,1,2022-06-28
"eldiarioclm","MartaEGMosquera",1,0,0,1,2022-06-28
"eldiarioclm","UAHes",1,0,0,1,2022-06-28
"elEconomistaCV","ainiatecnologia",1,0,0,1,2022-06-28
"ElFiscalGodot","aecquimico",1,0,0,1,2022-06-28
"ElFiscalGodot","aeqtonline",1,0,0,1,2022-06-28
"ElFiscalGodot","aimplas",1,0,0,1,2022-06-28
"ElFiscalGodot","ANAIP_es",1,0,0,1,2022-06-28
"ElFiscalGodot","anape_eps",1,0,0,1,2022-06-28
"ElFiscalGodot","esplasticos",1,0,0,1,2022-06-28
"ElFiscalGodot","Feique_ES",1,0,0,1,2022-06-28
"ElFiscalGodot","MasPais_Es",1,0,0,1,2022-06-28
"ElFiscalGodot","populares",1,0,0,1,2022-06-28
"ELIXPolymers","aimplas",1,0,0,1,2022-06-28
"ELIXPolymers_ES","aimplas",1,0,0,1,2022-06-28
"elmundoempresa","aimplas",1,0,0,1,2022-06-28
"elmundoempresa","aitex_es",1,0,0,1,2022-06-28
"elmundoempresa","brta_eus",1,0,0,1,2022-06-28
"elmundoempresa","Cidaut",1,0,0,1,2022-06-28
"elmundoempresa","GAIKER_BRTA",1,0,0,1,2022-06-28
"elperiodicoaqui","aimplas",1,0,0,1,2022-06-28
"ElQuincenal","AceiteOlivalle",1,0,0,1,2022-06-28
"ElQuincenal","aimplas",1,0,0,1,2022-06-28
"EmballagesMag","aimplas",1,0,0,1,2022-06-28
"EmballagesMag","CT_IPC",1,0,0,1,2022-06-28
"EmballagesMag","Leygatech1",1,0,0,1,2022-06-28
"EmballagesMag","Paprec_Group",1,0,0,1,2022-06-28
"EmballagesMag","pellencst",1,0,0,1,2022-06-28
"EmballagesMag","VTTFinland",1,0,0,1,2022-06-28
"emprenemjunts","aganovagrupo",1,0,0,1,2022-06-28
"emprenemjunts","AIJU_Tecnologi",1,0,0,1,2022-06-28
"emprenemjunts","Betelgeux_es",1,0,0,1,2022-06-28
"emprenemjunts","ceei",1,0,0,1,2022-06-28
"emprenemjunts","EosOrbital",1,0,0,1,2022-06-28
"emprenemjunts","FEDACOVA_VLC",1,0,0,1,2022-06-28
"emprenemjunts","fundeun",1,0,0,1,2022-06-28
"emprenemjunts","GlobalOmnium",1,0,0,1,2022-06-28
"emprenemjunts","GoHubTech",1,0,0,1,2022-06-28
"emprenemjunts","GVAddigital",1,0,0,1,2022-06-28
"emprenemjunts","iata_csic",1,0,0,1,2022-06-28
"emprenemjunts","LasNavesINN",1,0,0,1,2022-06-28
"emprenemjunts","lasprovincias",1,0,0,1,2022-06-28
"emprenemjunts","levante_emv",1,0,0,1,2022-06-28
"emprenemjunts","LinkenerSpain",1,0,0,1,2022-06-28
"emprenemjunts","MESbook_",1,0,0,1,2022-06-28
"emprenemjunts","parccientificuv",1,0,0,1,2022-06-28
"emprenemjunts","Periodistas360",1,0,0,1,2022-06-28
"emprenemjunts","sistema_doeet",1,0,0,1,2022-06-28
"emprenemjunts","UV_EG",1,0,0,1,2022-06-28
"emprenemjunts","valgenetics",1,0,0,1,2022-06-28
"EMSUR_","aimplas",1,0,0,1,2022-06-28
"EMSUR_","EMSUR_",1,0,0,1,2022-06-28
"energetica_xxi","aimplas",1,0,0,1,2022-06-28
"energetica_xxi","GVAivace",1,0,0,1,2022-06-28
"enQestamosanque","ANAIP_es",1,0,0,1,2022-06-28
"enQestamosanque","anape_eps",1,0,0,1,2022-06-28
"enQestamosanque","ANARPLA",1,0,0,1,2022-06-28
"enQestamosanque","andaltec",1,0,0,1,2022-06-28
"enQestamosanque","CEPplast",1,0,0,1,2022-06-28
"enQestamosanque","Cicloplast_com",1,0,0,1,2022-06-28
"enQestamosanque","CSIC",1,0,0,1,2022-06-28
"enQestamosanque","GVAavi",1,0,0,1,2022-06-28
"enQestamosanque","reciclajeFER",1,0,0,1,2022-06-28
"entidadPTV","IndustriaAlegre",1,0,0,1,2022-06-28
"entidadPTV","Mapitec_egm",1,0,0,1,2022-06-28
"entidadPTV","SagredoMarco",0,1,0,1,2022-06-28
"entidadPTV","UJIuniversitat",1,0,0,1,2022-06-28
"entidadPTV","UV_EG",1,0,0,1,2022-06-28
"enzycle_bbi","aimplas",1,0,0,1,2022-06-28
"enzycle_bbi","UniLeipzig",1,0,0,1,2022-06-28
"EPAzulejo","GVAivace",1,0,0,1,2022-06-28
"EPAzulejo","ITC_ceramica",1,0,0,1,2022-06-28
"EPAzulejo","WDCValencia2022",1,0,0,1,2022-06-28
"EPCValenciana","GVAivace",1,0,0,1,2022-06-28
"EPPM_Magazine","ainiatecnologia",1,0,0,1,2022-06-28
"EPPM_Magazine","BerryGlobalInc",1,0,0,1,2022-06-28
"EPPM_Magazine","breathe_99",1,0,0,1,2022-06-28
"EPPM_Magazine","CarmofProject",1,0,0,1,2022-06-28
"EPPM_Magazine","InterplasUK",1,0,0,1,2022-06-28
"EPPM_Magazine","kpGroup_",1,0,0,1,2022-06-28
"EPPM_Magazine","LeistritzCorp",1,0,0,1,2022-06-28
"EPPM_Magazine","SABIC",1,0,0,1,2022-06-28
"EPPM_Magazine","TiniusOlsen1",1,0,0,1,2022-06-28
"EPPM_Magazine","TNO_Research",1,0,0,1,2022-06-28
"EPPM_Magazine","TOMRAGroup",1,0,0,1,2022-06-28
"Equiplast","abc_es",1,0,0,1,2022-06-28
"Equiplast","aitex_es",1,0,0,1,2022-06-28
"Equiplast","Alimarket",1,0,0,1,2022-06-28
"Equiplast","AMETIC_es",1,0,0,1,2022-06-28
"Equiplast","anquequimicos",1,0,0,1,2022-06-28
"Equiplast","Ascamm_Gremi",1,0,0,1,2022-06-28
"Equiplast","AseBio",1,0,0,1,2022-06-28
"Equiplast","asegre01",1,0,0,1,2022-06-28
"Equiplast","BASF_ES",1,0,0,1,2022-06-28
"Equiplast","CEP",1,0,0,1,2022-06-28
"Equiplast","CEPplast",1,0,0,1,2022-06-28
"Equiplast","Cidaut",1,0,0,1,2022-06-28
"Equiplast","CienciaGob",1,0,0,1,2022-06-28
"Equiplast","circ_economy",1,0,0,1,2022-06-28
"Equiplast","CTplasUy",1,0,0,1,2022-06-28
"Equiplast","deborahciencia",1,0,0,1,2022-06-28
"Equiplast","eRecicla",1,0,0,1,2022-06-28
"Equiplast","esa",1,0,0,1,2022-06-28
"Equiplast","FidaMc",1,0,0,1,2022-06-28
"Equiplast","fihguv",1,0,0,1,2022-06-28
"Equiplast","GAIKER_BRTA",1,0,0,1,2022-06-28
"Equiplast","HPEspana",1,0,0,1,2022-06-28
"Equiplast","industriQuimica",1,0,0,1,2022-06-28
"Equiplast","izarotech",1,0,0,1,2022-06-28
"Equiplast","lamarinadevlc",1,0,0,1,2022-06-28
"Equiplast","mincoturgob",1,0,0,1,2022-06-28
"Equiplast","mitecogob",1,0,0,1,2022-06-28
"Equiplast","PT3NEO",1,0,0,1,2022-06-28
"Equiplast","Repsol",1,0,0,1,2022-06-28
"Equiplast","SABIC",1,0,0,1,2022-06-28
"Equiplast","SusChemSpain",1,0,0,1,2022-06-28
"Equiplast","Tecnifood",1,0,0,1,2022-06-28
"Equiplast","UV_EG",1,0,0,1,2022-06-28
"esFIAB","aimplas",1,0,0,1,2022-06-28
"esFIAB","Cleanity_es",1,0,0,1,2022-06-28
"esFIAB","esFIAB",0,0,1,1,2022-06-28
"esFIAB","hi_cone",1,0,0,1,2022-06-28
"esFIAB","maburdeos",1,0,0,1,2022-06-28
"esFIAB","Nestle_es",1,0,0,1,2022-06-28
"esFIAB","NormasUNE",1,0,0,1,2022-06-28
"espaitec","aimplas",1,0,0,1,2022-06-28
"espaitec","innotransfer",1,0,0,1,2022-06-28
"esplasticos","20m",1,0,0,1,2022-06-28
"esplasticos","ANAIP_es",1,0,0,1,2022-06-28
"esplasticos","AvepAsociacion",1,0,0,1,2022-06-28
"esplasticos","caixabank",1,0,0,1,2022-06-28
"esplasticos","FundacionBcja",1,0,0,1,2022-06-28
"esplasticos","TeknikerOficial",1,0,0,1,2022-06-28
"esquerrapv","aimplas",1,0,0,1,2022-06-28
"esquerrapv","gbelenguer",1,0,0,1,2022-06-28
"esquerrapv","Redit_es",1,0,0,1,2022-06-28
"esquerrapv","Sebastia_Jordi",1,0,0,1,2022-06-28
"Eternal_Energy_","aimplas",1,0,0,1,2022-06-28
"Eternal_Energy_","itenergia",1,0,0,1,2022-06-28
"Eternal_Energy_","Per_Energia",1,0,0,1,2022-06-28
"ETSEUV","gi2am",1,0,0,1,2022-06-28
"ETSEUV","GlobalOmnium",1,0,0,1,2022-06-28
"ETSEUV","Grupo_CALAGUA",1,0,0,1,2022-06-28
"eu_fraction","aimplas",1,0,0,1,2022-06-28
"eu_fraction","AVEBIOM",1,0,0,1,2022-06-28
"eu_fraction","eu_fraction",1,0,0,1,2022-06-28
"eu_fraction","Tecnicas_reun",1,0,0,1,2022-06-28
"EUBioplastics","BBI2020",1,0,0,1,2022-06-28
"EUBioplastics","BIOnTop_Project",1,0,0,1,2022-06-28
"EUBioplastics","EU_H2020",1,0,0,1,2022-06-28
"EUBioplastics","OceanetsProject",1,0,0,1,2022-06-28
"EURO_FUNDING","aimplas",1,0,0,1,2022-06-28
"eurocarne","ANAIP_es",1,0,0,1,2022-06-28
"eurocarne","PlasticsEuropES",1,0,0,1,2022-06-28
"Eurofach","aimplas",1,0,0,1,2022-06-28
"Eurosurfas","AMETIC_es",1,0,0,1,2022-06-28
"Eurosurfas","asegre01",1,0,0,1,2022-06-28
"Eurosurfas","FidaMc",1,0,0,1,2022-06-28
"Eurosurfas","PT3NEO",1,0,0,1,2022-06-28
"Eurosurfas","tecnalia",1,0,0,1,2022-06-28
"evaquie","aimplas",1,0,0,1,2022-06-28
"evaquie","rodysuarez",1,0,0,1,2022-06-28
"excedentesolar","aimplas",1,0,0,1,2022-06-28
"excedentesolar","BASF_ES",1,0,0,1,2022-06-28
"excedentesolar","deborahciencia",1,0,0,1,2022-06-28
"excedentesolar","PlasticsEuropES",1,0,0,1,2022-06-28
"excedentesolar","Repsol",1,0,0,1,2022-06-28
"excedentesolar","SABIC",1,0,0,1,2022-06-28
"excedentesolar","SusChemSpain",1,0,0,1,2022-06-28
"expoquimia","AMETIC_es",1,0,0,1,2022-06-28
"expoquimia","asegre01",1,0,0,1,2022-06-28
"expoquimia","BASF_ES",1,0,0,1,2022-06-28
"expoquimia","deborahciencia",1,0,0,1,2022-06-28
"expoquimia","Equiplast",1,0,0,1,2022-06-28
"expoquimia","expoquimia",1,0,0,1,2022-06-28
"expoquimia","FidaMc",1,0,0,1,2022-06-28
"expoquimia","PlasticsEuropES",1,0,0,1,2022-06-28
"expoquimia","PT3NEO",1,0,0,1,2022-06-28
"expoquimia","Repsol",1,0,0,1,2022-06-28
"expoquimia","SABIC",1,0,0,1,2022-06-28
"expoquimia","SusChemSpain",1,0,0,1,2022-06-28
"expoquimia","tecnalia",1,0,0,1,2022-06-28
"EySMunicipales","caixabank",1,0,0,1,2022-06-28
"EySMunicipales","FundacionBcja",1,0,0,1,2022-06-28
"FabricaPodcast","AIDIMME",1,0,0,1,2022-06-28
"FabricaPodcast","AIJU_Tecnologi",1,0,0,1,2022-06-28
"FabricaPodcast","ainiatecnologia",1,0,0,1,2022-06-28
"FabricaPodcast","aitex_es",1,0,0,1,2022-06-28
"FabricaPodcast","ibv_org",1,0,0,1,2022-06-28
"FabricaPodcast","InescopTech",1,0,0,1,2022-06-28
"FabricaPodcast","itene",1,0,0,1,2022-06-28
"FabricaPodcast","ITI_TIC",1,0,0,1,2022-06-28
"fadiplastsl","AIDIMME",1,0,0,1,2022-06-28
"fadiplastsl","InescopTech",1,0,0,1,2022-06-28
"FarrellyMitchel","aacudam",1,0,0,1,2022-06-28
"FarrellyMitchel","AgroBioCluster",1,0,0,1,2022-06-28
"FarrellyMitchel","aimplas",1,0,0,1,2022-06-28
"FarrellyMitchel","CIDETEC_",1,0,0,1,2022-06-28
"FarrellyMitchel","FarrellyMitchel",0,1,0,1,2022-06-28
"FarrellyMitchel","GenHydro",1,0,0,1,2022-06-28
"FarrellyMitchel","GreenovateEU",1,0,0,1,2022-06-28
"FarrellyMitchel","mi_sustainable",1,0,0,1,2022-06-28
"FarrellyMitchel","RISEProcessum",1,0,0,1,2022-06-28
"FBiodiversidad","aimplas",1,0,0,1,2022-06-28
"FCalidad","GVAavi",1,0,0,1,2022-06-28
"FCalidad","IISLaFe",1,0,0,1,2022-06-28
"FCalidad","Industrias_TAYG",1,0,0,1,2022-06-28
"FCalidad","itmupv",1,0,0,1,2022-06-28
"FCalidad","tecnalia",1,0,0,1,2022-06-28
"FConexus","GVAivace",1,0,0,1,2022-06-28
"FEDACOVA_VLC","ainiatecnologia",1,0,0,1,2022-06-28
"FEDACOVA_VLC","Hispackbcn",1,0,0,1,2022-06-28
"Fedit","ainiatecnologia",1,0,0,1,2022-06-28
"Fedit","zeus_packaging",1,0,0,1,2022-06-28
"Feique_ES","deborahciencia",1,0,0,1,2022-06-28
"Feique_ES","Eurecat_news",1,0,0,1,2022-06-28
"Feique_ES","foretica",1,0,0,1,2022-06-28
"Feique_ES","pescanova_es",1,0,0,1,2022-06-28
"Feique_ES","SABIC",1,0,0,1,2022-06-28
"Feique_ES","SABIC_Europe",1,0,0,1,2022-06-28
"Feique_ES","SealedAirBrand",1,0,0,1,2022-06-28
"Ferfollos","aimplas",1,0,0,1,2022-06-28
"feriaecofira","ecoticiasRED",1,0,0,1,2022-06-28
"feriaecofira","GVAivace",1,0,0,1,2022-06-28
"feriaecofira","UV_EG",1,0,0,1,2022-06-28
"Fernando_Ca_63","AIDIMME",1,0,0,1,2022-06-28
"Fernando_Ca_63","entidadPTV",1,0,0,1,2022-06-28
"Fernando_Ca_63","InescopTech",1,0,0,1,2022-06-28
"fertinagro","aimplas",1,0,0,1,2022-06-28
"Fesord","aimplas",1,0,0,1,2022-06-28
"ffe_es","Adif_es",1,0,0,1,2022-06-28
"ffe_es","AgEInves",1,0,0,1,2022-06-28
"ffe_es","ArcelorMittal",1,0,0,1,2022-06-28
"ffe_es","La_UPM",1,0,0,1,2022-06-28
"ffe_es","mitmagob",1,0,0,1,2022-06-28
"ffe_es","Shift2Rail_JU",1,0,0,1,2022-06-28
"ffe_es","TalgoGroup",1,0,0,1,2022-06-28
"ffe_es","tecnalia",1,0,0,1,2022-06-28
"fgirona","aimplas",1,0,0,1,2022-06-28
"fgirona","Benihort",1,0,0,1,2022-06-28
"fgirona","CoopsAgroCV",1,0,0,1,2022-06-28
"fgirona","GVAavi",1,0,0,1,2022-06-28
"fgirona","IBMCP",1,0,0,1,2022-06-28
"FGlobalis","ajvila",1,0,0,1,2022-06-28
"FGlobalis","CDTIoficial",1,0,0,1,2022-06-28
"FGlobalis","dipcas",1,0,0,1,2022-06-28
"ficiencia_e","aimplas",1,0,0,1,2022-06-28
"FIDAMC_","AEMAC_",1,0,0,1,2022-06-28
"FIDAMC_","Eurecat_news",1,0,0,1,2022-06-28
"FIDAMC_","FIDAMC_",0,1,0,1,2022-06-28
"FIDAMC_","Fira_Barcelona",1,0,0,1,2022-06-28
"fihguv","GVAsanitat",1,0,0,1,2022-06-28
"fihguv","HGUVALENCIA",0,1,0,1,2022-06-28
"fihguv","IRTIC_UV",1,0,0,1,2022-06-28
"fihguv","UPV",1,0,0,1,2022-06-28
"FisioTalavera","aimplas",1,0,0,1,2022-06-28
"FisioTalavera","infosalus_com",1,0,0,1,2022-06-28
"FlotantProject","FutureFibres",1,0,0,1,2022-06-28
"FlotantProject","GranCanariaCab",1,0,0,1,2022-06-28
"FlotantProject","Renewables_UoE",1,0,0,1,2022-06-28
"FlotantProject","RWTH",1,0,0,1,2022-06-28
"FlotantProject","TfiMarine",1,0,0,1,2022-06-28
"focuspyme","aimplas",1,0,0,1,2022-06-28
"fomIoT","aimplas",1,0,0,1,2022-06-28
"fomIoT","ainiatecnologia",1,0,0,1,2022-06-28
"fomIoT","PalcongresVLC",1,0,0,1,2022-06-28
"fomIoT","valenciaplaza",1,0,0,1,2022-06-28
"food_retail","esplasticos",1,0,0,1,2022-06-28
"Food4LifeSPAIN","biomerieux",1,0,0,1,2022-06-28
"Food4LifeSPAIN","CticCita",1,0,0,1,2022-06-28
"Food4LifeSPAIN","GOALSciences",1,0,0,1,2022-06-28
"Food4LifeSPAIN","Grupo_CARINSA",1,0,0,1,2022-06-28
"Food4LifeSPAIN","ingredalia",1,0,0,1,2022-06-28
"Food4LifeSPAIN","irtacat",1,0,0,1,2022-06-28
"Food4LifeSPAIN","PKF_INNCOME",1,0,0,1,2022-06-28
"Food4LifeSPAIN","Sealed_Air",1,0,0,1,2022-06-28
"Food4LifeSPAIN","UABBarcelona",1,0,0,1,2022-06-28
"FoodTechBiz","aimplas",1,0,0,1,2022-06-28
"FormarEnSenegal","AIDIMME",1,0,0,1,2022-06-28
"FormarEnSenegal","AIJU_Tecnologi",1,0,0,1,2022-06-28
"FormarEnSenegal","aimplas",1,0,0,1,2022-06-28
"FormarEnSenegal","aitex_es",1,0,0,1,2022-06-28
"FormarEnSenegal","emprenemjunts",1,0,0,1,2022-06-28
"FormarEnSenegal","FormarEnSenegal",1,0,0,1,2022-06-28
"FormarEnSenegal","GVAavi",1,0,0,1,2022-06-28
"FormarEnSenegal","GVAinnova",1,0,0,1,2022-06-28
"FormarEnSenegal","ibv_org",1,0,0,1,2022-06-28
"FormarEnSenegal","InescopTech",1,0,0,1,2022-06-28
"FormarEnSenegal","ITC_ceramica",1,0,0,1,2022-06-28
"FormarEnSenegal","itene",1,0,0,1,2022-06-28
"FormarEnSenegal","itenergia",1,0,0,1,2022-06-28
"FormarEnSenegal","ITI_TIC",1,0,0,1,2022-06-28
"FormarEnSenegal","valenciactiva_",1,0,0,1,2022-06-28
"ForoQyS","aecquimico",0,1,0,1,2022-06-28
"ForoQyS","Airbus",1,0,0,1,2022-06-28
"ForoQyS","anquequimicos",1,0,0,1,2022-06-28
"ForoQyS","Cefic",1,0,0,1,2022-06-28
"ForoQyS","deborahciencia",1,0,0,1,2022-06-28
"ForoQyS","Eurecat_news",1,0,0,1,2022-06-28
"ForoQyS","foretica",1,0,0,1,2022-06-28
"ForoQyS","GVAivace",1,0,0,1,2022-06-28
"ForoQyS","Pascual",1,0,0,1,2022-06-28
"ForoQyS","SABIC_Europe",1,0,0,1,2022-06-28
"ForoQyS","ternua",1,0,0,1,2022-06-28
"ForoQyS","UPV",1,0,0,1,2022-06-28
"ForoQyS","UV_EG",1,0,0,1,2022-06-28
"FranoisStryker1","AErasmusproject",0,1,0,1,2022-06-28
"FranoisStryker1","aimplas",1,0,0,1,2022-06-28
"FranoisStryker1","Jobsatskills",1,0,0,1,2022-06-28
"fruittoday","ADNAgroFood",1,0,0,1,2022-06-28
"fruittoday","BASF_AgroES",1,0,0,1,2022-06-28
"fruittoday","Cajamar",1,0,0,1,2022-06-28
"fruittoday","esplasticos",1,0,0,1,2022-06-28
"fruittoday","Expolevante",1,0,0,1,2022-06-28
"fruittoday","Freshfel",1,0,0,1,2022-06-28
"fruittoday","frutasloscursos",1,0,0,1,2022-06-28
"fruittoday","fTROPS",1,0,0,1,2022-06-28
"fruittoday","GVAivace",1,0,0,1,2022-06-28
"fruittoday","MedfelEvent",1,0,0,1,2022-06-28
"fruittoday","mitecogob",1,0,0,1,2022-06-28
"fruittoday","Novamont_Iberia",1,0,0,1,2022-06-28
"fruittoday","PG_Latino",1,0,0,1,2022-06-28
"fruittoday","RG_tropical",1,0,0,1,2022-06-28
"fruittoday","scrats_regantes",1,0,0,1,2022-06-28
"Fryjole","aimplas",1,0,0,1,2022-06-28
"Fryjole","AMIQGreenChem",1,0,0,1,2022-06-28
"Fryjole","AseBio",1,0,0,1,2022-06-28
"Fryjole","AVEBIOM",1,0,0,1,2022-06-28
"Fryjole","bioplat",1,0,0,1,2022-06-28
"Fryjole","CienciaGob",1,0,0,1,2022-06-28
"Fryjole","FEBiotec",1,0,0,1,2022-06-28
"Fryjole","SusChemSpain",1,0,0,1,2022-06-28
"Fund_Diversidad","EU_Commission",1,0,0,1,2022-06-28
"Fund_Diversidad","EU_Justice",1,0,0,1,2022-06-28
"Fund_Diversidad","helenadalli",1,0,0,1,2022-06-28
"Fundae_es","aimplas",1,0,0,1,2022-06-28
"Fundae_es","Fundae_es",1,0,0,1,2022-06-28
"FuturEnergy_","aimplas",1,0,0,1,2022-06-28
"FuturEnergy_","FuturEnergy_",1,0,0,1,2022-06-28
"FuturEnviro","Abengoa",1,0,0,1,2022-06-28
"FuturEnviro","ABORGASE",1,0,0,1,2022-06-28
"FuturEnviro","aebigspain",1,0,0,1,2022-06-28
"FuturEnviro","AIDIMME",1,0,0,1,2022-06-28
"FuturEnviro","airesaslu",1,0,0,1,2022-06-28
"FuturEnviro","aitiip",1,0,0,1,2022-06-28
"FuturEnviro","AlmarWater",1,0,0,1,2022-06-28
"FuturEnviro","ANAIP_es",1,0,0,1,2022-06-28
"FuturEnviro","aqualia",1,0,0,1,2022-06-28
"FuturEnviro","AvepAsociacion",1,0,0,1,2022-06-28
"FuturEnviro","BASF_ES",1,0,0,1,2022-06-28
"FuturEnviro","caixabank",1,0,0,1,2022-06-28
"FuturEnviro","CIDETEC_",1,0,0,1,2022-06-28
"FuturEnviro","Cotec_Innova",1,0,0,1,2022-06-28
"FuturEnviro","danone_es",1,0,0,1,2022-06-28
"FuturEnviro","ecodigestion",1,0,0,1,2022-06-28
"FuturEnviro","Endesa",1,0,0,1,2022-06-28
"FuturEnviro","esplasticos",1,0,0,1,2022-06-28
"FuturEnviro","EU_ENV",1,0,0,1,2022-06-28
"FuturEnviro","eucobat",1,0,0,1,2022-06-28
"FuturEnviro","FCC_MA",1,0,0,1,2022-06-28
"FuturEnviro","fempcomunica",1,0,0,1,2022-06-28
"FuturEnviro","FundacionBcja",1,0,0,1,2022-06-28
"FuturEnviro","GsInima",1,0,0,1,2022-06-28
"FuturEnviro","InescopTech",1,0,0,1,2022-06-28
"FuturEnviro","info_conama",1,0,0,1,2022-06-28
"FuturEnviro","Inn_Somnia",1,0,0,1,2022-06-28
"FuturEnviro","InspirinGirlsE",1,0,0,1,2022-06-28
"FuturEnviro","ITC_ceramica",1,0,0,1,2022-06-28
"FuturEnviro","MartPD",1,0,0,1,2022-06-28
"FuturEnviro","Molecor",1,0,0,1,2022-06-28
"FuturEnviro","Nereda_RHDHV",1,0,0,1,2022-06-28
"FuturEnviro","OHBasanta",1,0,0,1,2022-06-28
"FuturEnviro","paperChain_pro",1,0,0,1,2022-06-28
"FuturEnviro","picvisa",1,0,0,1,2022-06-28
"FuturEnviro","PlasticsEuropES",1,0,0,1,2022-06-28
"FuturEnviro","PreZero_ES",1,0,0,1,2022-06-28
"FuturEnviro","PTARElSalitre",1,0,0,1,2022-06-28
"FuturEnviro","recyclia",1,0,0,1,2022-06-28
"FuturEnviro","Reganosa",1,0,0,1,2022-06-28
"FuturEnviro","Repsol",1,0,0,1,2022-06-28
"FuturEnviro","SealedAirBrand",1,0,0,1,2022-06-28
"FuturEnviro","Stadler_Group",1,0,0,1,2022-06-28
"FuturEnviro","suezES",1,0,0,1,2022-06-28
"FuturEnviro","TNO_Research",1,0,0,1,2022-06-28
"FuturEnviro","TotalEnergiesES",1,0,0,1,2022-06-28
"FuturEnviro","UV_EG",1,0,0,1,2022-06-28
"FValenciaport","aimplas",1,0,0,1,2022-06-28
"gacetadental","aimplas",1,0,0,1,2022-06-28
"gacetadental","ibv_org",1,0,0,1,2022-06-28
"GAIKER_BRTA","aimplas",1,0,0,1,2022-06-28
"GAIKER_BRTA","aitex_es",1,0,0,1,2022-06-28
"GAIKER_BRTA","CDTIoficial",1,0,0,1,2022-06-28
"GAIKER_BRTA","Cidaut",1,0,0,1,2022-06-28
"garcia_saludes","AIDIMME",1,0,0,1,2022-06-28
"garcia_saludes","AIJU_Tecnologi",1,0,0,1,2022-06-28
"garcia_saludes","aimplas",1,0,0,1,2022-06-28
"garcia_saludes","ainiatecnologia",1,0,0,1,2022-06-28
"garcia_saludes","aitex_es",1,0,0,1,2022-06-28
"garcia_saludes","ibv_org",1,0,0,1,2022-06-28
"garcia_saludes","InescopTech",1,0,0,1,2022-06-28
"garcia_saludes","ITC_ceramica",1,0,0,1,2022-06-28
"garcia_saludes","itene",1,0,0,1,2022-06-28
"garcia_saludes","itenergia",1,0,0,1,2022-06-28
"garcia_saludes","ITI_TIC",1,0,0,1,2022-06-28
"garcia_saludes","Saludes_Ind",1,0,0,1,2022-06-28
"gastronomiayfit","aimplas",1,0,0,1,2022-06-28
"gastronomiayfit","gastronomiayfit",0,0,1,1,2022-06-28
"GBDC78","aimplas",1,0,0,1,2022-06-28
"GBDC78","Benkei_Fr",1,0,0,1,2022-06-28
"GBDC78","CT_IPC",1,0,0,1,2022-06-28
"GBDC78","filigrade",1,0,0,1,2022-06-28
"GBDC78","PellencGroup",1,0,0,1,2022-06-28
"GBDC78","Pollutec",1,0,0,1,2022-06-28
"GBDC78","ProspexInst",1,0,0,1,2022-06-28
"gbelenguer","ana_sarasola_",1,0,0,1,2022-06-28
"gbelenguer","andpasvid",1,0,0,1,2022-06-28
"gbelenguer","Aranviyu",1,0,0,1,2022-06-28
"gbelenguer","asociacionruvid",1,0,0,1,2022-06-28
"gbelenguer","AVEmpresarios",1,0,0,1,2022-06-28
"gbelenguer","BVilata",1,0,0,1,2022-06-28
"gbelenguer","emparmbonafe",1,0,0,1,2022-06-28
"gbelenguer","FundacionETNOR",1,0,0,1,2022-06-28
"gbelenguer","garcia_saludes",1,0,0,1,2022-06-28
"gbelenguer","GVAddigital",1,0,0,1,2022-06-28
"gbelenguer","GVAivace",1,0,0,1,2022-06-28
"gbelenguer","ibv_org",1,0,0,1,2022-06-28
"gbelenguer","palbeme",1,0,0,1,2022-06-28
"gbelenguer","PremiosReiJaume",1,0,0,1,2022-06-28
"gbelenguer","RectoraUA",1,0,0,1,2022-06-28
"gbelenguer","Sebastia_Jordi",1,0,0,1,2022-06-28
"gbelenguer","teatroolympia",1,0,0,1,2022-06-28
"gbelenguer","UA_Universidad",1,0,0,1,2022-06-28
"generalitat","aimplas",1,0,0,1,2022-06-28
"generalitat","GlobalOmnium",1,0,0,1,2022-06-28
"generalitat","GVAavi",1,0,0,1,2022-06-28
"generalitat","lifesequencing",1,0,0,1,2022-06-28
"generalitat","UV_EG",1,0,0,1,2022-06-28
"gepslap2022","aimplas",1,0,0,1,2022-06-28
"gepslap2022","GAIKER_BRTA",1,0,0,1,2022-06-28
"gepslap2022","ufrgsnoticias",1,0,0,1,2022-06-28
"GeriatricArea","GeriatricArea",1,0,0,1,2022-06-28
"GestionGirsa","GVAivace",1,0,0,1,2022-06-28
"GFioraniChem","aimplas",1,0,0,1,2022-06-28
"GFioraniChem","Cedem_ULiege",1,0,0,1,2022-06-28
"GFioraniChem","HorizonEU",1,0,0,1,2022-06-28
"GFioraniChem","ICIQchem",1,0,0,1,2022-06-28
"GFioraniChem","UniHeidelberg",1,0,0,1,2022-06-28
"GFioraniChem","UNIRennes",1,0,0,1,2022-06-28
"GimenoGroup","aimplas",1,0,0,1,2022-06-28
"GimenoGroup","geqo_rseq",1,0,0,1,2022-06-28
"GimenoGroup","inbiotecenlared",1,0,0,1,2022-06-28
"GimenoGroup","IQAR_UAH",1,0,0,1,2022-06-28
"GimenoGroup","lualnu10",1,0,0,1,2022-06-28
"GimenoGroup","UAHes",1,0,0,1,2022-06-28
"GlobalOmnium","iiama_upv",1,0,0,1,2022-06-28
"GlobalOmnium","RevistaRETEMA",1,0,0,1,2022-06-28
"GlobalOmnium","UPV",1,0,0,1,2022-06-28
"GlobalOmnium","UV_EG",1,0,0,1,2022-06-28
"gndiario_es","aimplas",1,0,0,1,2022-06-28
"GoHubTech","angelramire",1,0,0,1,2022-06-28
"GoHubTech","GoHubTech",0,0,1,1,2022-06-28
"GoHubTech","JuanPeaIbaez2",1,0,0,1,2022-06-28
"GoHubTech","pepesiega",1,0,0,1,2022-06-28
"GRACE_BBI","aimplas",1,0,0,1,2022-06-28
"GRACE_BBI","BarillaCFN",1,0,0,1,2022-06-28
"GRACE_BBI","BioVale_Cluster",1,0,0,1,2022-06-28
"GRACE_BBI","coopagrariesCAT",1,0,0,1,2022-06-28
"GRACE_BBI","fertinagro",1,0,0,1,2022-06-28
"GRACE_BBI","Fraunhofer",1,0,0,1,2022-06-28
"GRACE_BBI","iris_rd",1,0,0,1,2022-06-28
"GRACE_BBI","irtacat",1,0,0,1,2022-06-28
"GRACE_BBI","itene",1,0,0,1,2022-06-28
"GRACE_BBI","mogumycelium",1,0,0,1,2022-06-28
"Grupo_Soledad","aimplas",1,0,0,1,2022-06-28
"Grupo_Soledad","BancoSabadell",1,0,0,1,2022-06-28
"Grupo_Soledad","levante_emv",1,0,0,1,2022-06-28
"GrupoEmausFS","adva_vg",1,0,0,1,2022-06-28
"GrupoEmausFS","aimplas",1,0,0,1,2022-06-28
"GrupoEmausFS","circularise",1,0,0,1,2022-06-28
"GrupoEmausFS","Greentronics",1,0,0,1,2022-06-28
"GrupoEmausFS","GrupoEmausFS",0,0,1,1,2022-06-28
"GrupoEmausFS","IndumetalN",1,0,0,1,2022-06-28
"GrupoEmausFS","lborouniversity",1,0,0,1,2022-06-28
"GrupoEmausFS","LexmarkSpain",1,0,0,1,2022-06-28
"GrupoEmausFS","ParticulaGroup",1,0,0,1,2022-06-28
"GrupoEmausFS","soltel_it",1,0,0,1,2022-06-28
"GrupoEmausFS","WeeeForum",1,0,0,1,2022-06-28
"grupoenercoop","aimplas",1,0,0,1,2022-06-28
"grupoenercoop","itenergia",1,0,0,1,2022-06-28
"GrupoTHM","ainiatecnologia",1,0,0,1,2022-06-28
"GrupoTorrent","aimplas",1,0,0,1,2022-06-28
"GrupoTorrent","ANAIP_es",1,0,0,1,2022-06-28
"GrupoTorrent","ANARPLA",1,0,0,1,2022-06-28
"GrupoTorrent","AvepAsociacion",1,0,0,1,2022-06-28
"GrupoTorrent","Cicloplast_com",1,0,0,1,2022-06-28
"GrupoTorrent","esplasticos",1,0,0,1,2022-06-28
"GrupoTorrent","PlasticsEuropES",1,0,0,1,2022-06-28
"GrupTERSA","UV_EG",1,0,0,1,2022-06-28
"GuiaJuguete","aimplas",1,0,0,1,2022-06-28
"GuiaJuguete","Oceanografic_vl",1,0,0,1,2022-06-28
"GVAavi","Biopolis_SL",1,0,0,1,2022-06-28
"GVAavi","CSIC",0,1,0,1,2022-06-28
"GVAavi","FuturEnviro",0,1,0,1,2022-06-28
"GVAavi","IDM_UPV_UV",1,0,0,1,2022-06-28
"GVAavi","informacion_es",1,0,0,1,2022-06-28
"GVAavi","ScienceFlows",1,0,0,1,2022-06-28
"GVAavi","Sinfinygroup",1,0,0,1,2022-06-28
"GVAavi","UA_Universidad",1,0,0,1,2022-06-28
"GVAavi","uv",1,0,0,1,2022-06-28
"GVAeconomia","CentrosCex",1,0,0,1,2022-06-28
"GVAeconomia","Grupo_Soledad",1,0,0,1,2022-06-28
"GVAeconomia","istobal_es",1,0,0,1,2022-06-28
"GVAeconomia","skrollerbelt",1,0,0,1,2022-06-28
"GVAinnova","generalitat",1,0,0,1,2022-06-28
"GVAinnova","GVAavi",1,0,0,1,2022-06-28
"GVAinnova","GVAinnova",1,0,0,1,2022-06-28
"GVAinnova","LaVanguardia",1,0,0,1,2022-06-28
"GVAinnova","levante_emv",1,0,0,1,2022-06-28
"GVAinnova","UV_EG",1,0,0,1,2022-06-28
"GVAivace","BancoSabadell",1,0,0,1,2022-06-28
"GVAivace","casasinhaus",1,0,0,1,2022-06-28
"GVAivace","CDTIoficial",1,0,0,1,2022-06-28
"GVAivace","escamilla50",1,0,0,1,2022-06-28
"GVAivace","garcia_saludes",1,0,0,1,2022-06-28
"GVAivace","gbelenguer",1,0,0,1,2022-06-28
"GVAivace","GVAeconomia",0,1,0,1,2022-06-28
"GVAivace","HorizonteEuropa",1,0,0,1,2022-06-28
"GVAivace","ITC_ceramica",1,0,0,1,2022-06-28
"GVAivace","microempresa",1,0,0,1,2022-06-28
"GVAivace","rafacliment_",1,0,0,1,2022-06-28
"GVAivace","RebecaOntinyent",1,0,0,1,2022-06-28
"GVAivace","Sebastia_Jordi",1,0,0,1,2022-06-28
"GVAportaveu","ainiatecnologia",1,0,0,1,2022-06-28
"GVAportaveu","GVAeconomia",1,0,0,1,2022-06-28
"GVAportaveu","GVAinnova",1,0,0,1,2022-06-28
"GVAportaveu","GVAlabora",1,0,0,1,2022-06-28
"GVAportaveu","ibv_org",1,0,0,1,2022-06-28
"GVAportaveu","ITC_ceramica",1,0,0,1,2022-06-28
"GVAportaveu","itene",1,0,0,1,2022-06-28
"GVAportaveu","itenergia",1,0,0,1,2022-06-28
"GVAportaveu","ITI_TIC",1,0,0,1,2022-06-28
"GVAvicepres2n","AIDIMME",1,0,0,1,2022-06-28
"GVAvicepres2n","AIJU_Tecnologi",1,0,0,1,2022-06-28
"GVAvicepres2n","aimplas",1,0,0,1,2022-06-28
"GVAvicepres2n","laurasfrances",1,0,0,1,2022-06-28
"GVAvicepres2n","matarredona_nur",1,0,0,1,2022-06-28
"GVAvicepres2n","Redit_es",1,0,0,1,2022-06-28
"H2020_Partner","accio_cat",1,0,0,1,2022-06-28
"H2020_Partner","aimplas",1,0,0,1,2022-06-28
"H2020_Partner","AristosInfo",1,0,0,1,2022-06-28
"H2020_Partner","biocat_cat",1,0,0,1,2022-06-28
"H2020_Partner","CDTIoficial",1,0,0,1,2022-06-28
"H2020_Partner","eencat",1,0,0,1,2022-06-28
"H2020_Partner","Eurecat_news",1,0,0,1,2022-06-28
"H2020_Partner","horizonexperts",1,0,0,1,2022-06-28
"H2020_Partner","itene",1,0,0,1,2022-06-28
"H2020_Partner","JCGarcia_CDTI",1,0,0,1,2022-06-28
"H2020_Partner","jordipietx",1,0,0,1,2022-06-28
"H2020_Partner","RosaAriasAlv",1,0,0,1,2022-06-28
"H2020_Partner","scibus",1,0,0,1,2022-06-28
"H2020_Partner","SorosGabinete",1,0,0,1,2022-06-28
"H2020_Partner","Wendy_Moreno_EU",1,0,0,1,2022-06-28
"HABRILAN","Airbus",1,0,0,1,2022-06-28
"HABRILAN","AvepAsociacion",1,0,0,1,2022-06-28
"HABRILAN","CompositesQuim",1,0,0,1,2022-06-28
"HABRILAN","CompositesSpain",1,0,0,1,2022-06-28
"HABRILAN","DANOBATGROUP",1,0,0,1,2022-06-28
"HABRILAN","easyfairsiberia",1,0,0,1,2022-06-28
"HABRILAN","Equiplast",1,0,0,1,2022-06-28
"HABRILAN","EsAirbus",1,0,0,1,2022-06-28
"HABRILAN","esplasticos",1,0,0,1,2022-06-28
"HABRILAN","Eurosurfas",1,0,0,1,2022-06-28
"HABRILAN","expoquimia",1,0,0,1,2022-06-28
"HABRILAN","Feria_Valencia",1,0,0,1,2022-06-28
"HABRILAN","feriaecofira",1,0,0,1,2022-06-28
"HABRILAN","Fira_Barcelona",1,0,0,1,2022-06-28
"HABRILAN","GVAivace",1,0,0,1,2022-06-28
"HABRILAN","IFEMA",1,0,0,1,2022-06-28
"HABRILAN","IndustryTalksES",1,0,0,1,2022-06-28
"HABRILAN","MetalMadridEs",1,0,0,1,2022-06-28
"HABRILAN","MtorresRsc",1,0,0,1,2022-06-28
"HABRILAN","TalgoGroup",1,0,0,1,2022-06-28
"HABRILAN","tecnalia",1,0,0,1,2022-06-28
"HABRILAN","UdGPolitecnica",1,0,0,1,2022-06-28
"HacesMas","aimplas",1,0,0,1,2022-06-28
"hasta_el_lunes","canalsur",1,0,0,1,2022-06-28
"hasta_el_lunes","canalsurcordoba",1,0,0,1,2022-06-28
"hasta_el_lunes","ensgismau",1,0,0,1,2022-06-28
"hasta_el_lunes","hasta_el_lunes",0,0,1,1,2022-06-28
"hasta_el_lunes","manavas21",1,0,0,1,2022-06-28
"hasta_el_lunes","vir_montero",1,0,0,1,2022-06-28
"healthioglobal","ACCC_",1,0,0,1,2022-06-28
"healthioglobal","aimplas",1,0,0,1,2022-06-28
"healthioglobal","althaiamanresa",1,0,0,1,2022-06-28
"healthioglobal","Avinent_Group",1,0,0,1,2022-06-28
"healthioglobal","CAMFiC",1,0,0,1,2022-06-28
"healthioglobal","harnaulleida",1,0,0,1,2022-06-28
"healthioglobal","hospitalclinic",1,0,0,1,2022-06-28
"healthioglobal","IAM3DHUB",1,0,0,1,2022-06-28
"healthioglobal","Leitat",1,0,0,1,2022-06-28
"healthioglobal","rogercaps",1,0,0,1,2022-06-28
"healthioglobal","SJDbarcelona_es",1,0,0,1,2022-06-28
"healthioglobal","vallhebron",1,0,0,1,2022-06-28
"heroes_urbanos","CORDIS_EU",1,0,0,1,2022-06-28
"heroes_urbanos","URBANREC_H2020",1,0,0,1,2022-06-28
"herrero_patri","aimplas",1,0,0,1,2022-06-28
"herrero_patri","Bandesur",1,0,0,1,2022-06-28
"herrero_patri","BIOCOMUNICACIN1",0,1,0,1,2022-06-28
"herrero_patri","VictorBandesur",1,0,0,1,2022-06-28
"HGUVALENCIA","aimplas",1,0,0,1,2022-06-28
"HGUVALENCIA","HGUVALENCIA",1,0,0,1,2022-06-28
"HGUVALENCIA","ibv_org",1,0,0,1,2022-06-28
"HGUVALENCIA","IRTIC_UV",1,0,0,1,2022-06-28
"Hispackbcn","Cicloplast_com",1,0,0,1,2022-06-28
"Hispackbcn","esplasticos",1,0,0,1,2022-06-28
"Hispackbcn","LuciaJSD",1,0,0,1,2022-06-28
"Hispackbcn","mincoturgob",1,0,0,1,2022-06-28
"Hispackbcn","PalcongresVLC",1,0,0,1,2022-06-28
"Hispacoop","aimplas",1,0,0,1,2022-06-28
"hlgeuxit","1974mariajo",1,0,0,1,2022-06-28
"hlgeuxit","aimplas",1,0,0,1,2022-06-28
"hlgeuxit","AsociacinEmpre2",1,0,0,1,2022-06-28
"hlgeuxit","AvepAsociacion",1,0,0,1,2022-06-28
"hlgeuxit","FEPEVAL",1,0,0,1,2022-06-28
"hlgeuxit","htroyano_",1,0,0,1,2022-06-28
"hlgeuxit","juan_poti",1,0,0,1,2022-06-28
"hlgeuxit","xavivilamarxant",1,0,0,1,2022-06-28
"hlgeuxit","YouTube",1,0,0,1,2022-06-28
"HorizonBooster","Jospelproject",1,0,0,1,2022-06-28
"Horticom","aimplas",1,0,0,1,2022-06-28
"HospitalLaFe","aimplas",1,0,0,1,2022-06-28
"HospitalLaFe","Betelgeux_es",1,0,0,1,2022-06-28
"HospitalLaFe","GVAavi",1,0,0,1,2022-06-28
"HospitalLaFe","HospitalLaFe",1,0,0,1,2022-06-28
"HospitalLaFe","IISLaFe",1,0,0,1,2022-06-28
"HospitalLaFe","ITQ_UPVCSIC",1,0,0,1,2022-06-28
"HospitalLaFe","UPV",1,0,0,1,2022-06-28
"i_alimentacion","ainiatecnologia",1,0,0,1,2022-06-28
"i_cardenal","aimplas",1,0,0,1,2022-06-28
"i_cardenal","i_cardenal",0,0,1,1,2022-06-28
"i_segurAliment","aimplas",1,0,0,1,2022-06-28
"iambiente","itenergia",1,0,0,1,2022-06-28
"IBIAE","IESLaFoiaIbi",1,0,0,1,2022-06-28
"ibpplastik","aitex_es",1,0,0,1,2022-06-28
"ibpplastik","Cidaut",1,0,0,1,2022-06-28
"ibpplastik","GAIKER_BRTA",1,0,0,1,2022-06-28
"ibv_org","3DPrinting_Des",1,0,0,1,2022-06-28
"ibv_org","AutPortValencia",1,0,0,1,2022-06-28
"ibv_org","elperiodic",1,0,0,1,2022-06-28
"ibv_org","floridauni",1,0,0,1,2022-06-28
"ibv_org","GeriatricArea",1,0,0,1,2022-06-28
"ibv_org","IMMedicoHosp",1,0,0,1,2022-06-28
"ibv_org","Institutoai2upv",1,0,0,1,2022-06-28
"ibv_org","int_impresion3D",1,0,0,1,2022-06-28
"ibv_org","LaVanguardia",1,0,0,1,2022-06-28
"ibv_org","prevencionar",1,0,0,1,2022-06-28
"ibv_org","UV_EG",1,0,0,1,2022-06-28
"idainature","Cooplliria",1,0,0,1,2022-06-28
"idainature","GVAavi",1,0,0,1,2022-06-28
"idainature","UPV",1,0,0,1,2022-06-28
"IDDI_design","ainiatecnologia",1,0,0,1,2022-06-28
"IDDI_design","aitex_es",1,0,0,1,2022-06-28
"IDDI_design","Cidaut",1,0,0,1,2022-06-28
"IDDI_design","GAIKER_BRTA",1,0,0,1,2022-06-28
"IDDI_design","RevistaRETEMA",1,0,0,1,2022-06-28
"IDEKO_","AEMAC_",1,0,0,1,2022-06-28
"IDEKO_","aernnova_usa",1,0,0,1,2022-06-28
"IDEKO_","aeroespacialUPM",1,0,0,1,2022-06-28
"IDEKO_","aimplas",1,0,0,1,2022-06-28
"IDEKO_","AirbusHeli",1,0,0,1,2022-06-28
"IDEKO_","amade_udg",1,0,0,1,2022-06-28
"IDEKO_","DanobatSheetMet",1,0,0,1,2022-06-28
"IDEKO_","HexcelCorp",1,0,0,1,2022-06-28
"IDEKO_","IDEKO_",1,0,0,1,2022-06-28
"IDEKO_","TalgoGroup",1,0,0,1,2022-06-28
"IDEKO_","tsisl_oficial",1,0,0,1,2022-06-28
"IDiBE_UMH","aimplas",1,0,0,1,2022-06-28
"IfapaOlivar","aimplas",1,0,0,1,2022-06-28
"IfapaOlivar","mercacei",0,1,0,1,2022-06-28
"IFATworldwide","aimplas",1,0,0,1,2022-06-28
"IFATworldwide","DafiaProject",1,0,0,1,2022-06-28
"igluu_magazine","aimplas",1,0,0,1,2022-06-28
"igluu_magazine","YorokobuMag",1,0,0,1,2022-06-28
"iiama_upv","RevistaRETEMA",1,0,0,1,2022-06-28
"IMDEA_Agua","aimplas",1,0,0,1,2022-06-28
"IMDEA_Agua","IMDEA_Agua",1,0,0,1,2022-06-28
"impulsa_ciu","aimplas",1,0,0,1,2022-06-28
"ImpulsaEspana","aimplas",1,0,0,1,2022-06-28
"ImpulsaEspana","informacion_es",1,0,0,1,2022-06-28
"inam_uji","aimplas",1,0,0,1,2022-06-28
"indesla","aimplas",1,0,0,1,2022-06-28
"IndustrialesCV","Institutoai2upv",1,0,0,1,2022-06-28
"IndustrialesCV","levante_emv",1,0,0,1,2022-06-28
"IndustrialesCV","MESbook_",1,0,0,1,2022-06-28
"IndustrialesCV","UPV",1,0,0,1,2022-06-28
"Industrias_TAYG","aimplas",1,0,0,1,2022-06-28
"Industrias_TAYG","Mundoplast",1,0,0,1,2022-06-28
"industry_arena","accio_cat",1,0,0,1,2022-06-28
"industry_arena","AMETIC_es",1,0,0,1,2022-06-28
"industry_arena","ascameorg",1,0,0,1,2022-06-28
"industry_arena","asegre01",1,0,0,1,2022-06-28
"industry_arena","camarascomercio",1,0,0,1,2022-06-28
"industry_arena","cambrabcn",1,0,0,1,2022-06-28
"industry_arena","eoi",1,0,0,1,2022-06-28
"industry_arena","Eurecat",1,0,0,1,2022-06-28
"industry_arena","FIDAMC_",1,0,0,1,2022-06-28
"industry_arena","industrialesand",1,0,0,1,2022-06-28
"industry_arena","industry_arena",0,0,1,1,2022-06-28
"industry_arena","InnovALuy",1,0,0,1,2022-06-28
"industry_arena","mincoturgob",1,0,0,1,2022-06-28
"industry_arena","packcluster",1,0,0,1,2022-06-28
"industry_arena","PatronalCecot",1,0,0,1,2022-06-28
"industry_arena","PT3NEO",1,0,0,1,2022-06-28
"IndustryTalksES","Actecosl",1,0,0,1,2022-06-28
"IndustryTalksES","Agenda2030Gob",1,0,0,1,2022-06-28
"IndustryTalksES","airesaslu",1,0,0,1,2022-06-28
"IndustryTalksES","BlueplasmaPower",1,0,0,1,2022-06-28
"IndustryTalksES","GVAivace",1,0,0,1,2022-06-28
"IndustryTalksES","Principia_Ing",1,0,0,1,2022-06-28
"IndustryTalksES","SustainableInnE",1,0,0,1,2022-06-28
"IndustryTalksES","TalgoGroup",1,0,0,1,2022-06-28
"IndustryTalksES","tecnalia",1,0,0,1,2022-06-28
"InescopTech","AIDIMME",1,0,0,1,2022-06-28
"InescopTech","aimplas",1,0,0,1,2022-06-28
"InescopTech","alicanteplaza",1,0,0,1,2022-06-28
"InescopTech","maytedomingo_",0,1,0,1,2022-06-28
"InescopTech","valenciaplaza",1,0,0,1,2022-06-28
"infoagrocom","Cicloplast",1,0,0,1,2022-06-28
"infoagrocom","UV_EG",1,0,0,1,2022-06-28
"informaciontvA","aimplas",1,0,0,1,2022-06-28
"informaciontvA","GVAavi",1,0,0,1,2022-06-28
"informaciontvA","ITC_Packaging",1,0,0,1,2022-06-28
"informaciontvA","nandorico16",1,0,0,1,2022-06-28
"informaciontvA","UA_Universidad",1,0,0,1,2022-06-28
"informaciontvA","UA_Universitat",1,0,0,1,2022-06-28
"Inn_Somnia","Inn_Somnia",1,0,0,1,2022-06-28
"Inn_Somnia","lamarinadevlc",1,0,0,1,2022-06-28
"Inndromeda","AIJU_Tecnologi",1,0,0,1,2022-06-28
"Inndromeda","aimplas",1,0,0,1,2022-06-28
"Inndromeda","ainiatecnologia",1,0,0,1,2022-06-28
"Inndromeda","aitex_es",1,0,0,1,2022-06-28
"Inndromeda","CSIC",1,0,0,1,2022-06-28
"Inndromeda","FEMEVALes",1,0,0,1,2022-06-28
"Inndromeda","fihguv",1,0,0,1,2022-06-28
"Inndromeda","GVAfisabio",1,0,0,1,2022-06-28
"Inndromeda","ibv_org",1,0,0,1,2022-06-28
"Inndromeda","IISLaFe",1,0,0,1,2022-06-28
"Inndromeda","InescopTech",1,0,0,1,2022-06-28
"Inndromeda","Inndromeda",0,0,1,1,2022-06-28
"Inndromeda","ITC_ceramica",1,0,0,1,2022-06-28
"Inndromeda","itene",1,0,0,1,2022-06-28
"Inndromeda","itenergia",1,0,0,1,2022-06-28
"Inndromeda","ITI_TIC",1,0,0,1,2022-06-28
"Inndromeda","uchceu",1,0,0,1,2022-06-28
"innoecotur","aimplas",1,0,0,1,2022-06-28
"innotransfer","MosaikUrbanSys",1,0,0,1,2022-06-28
"innotransfer","SchneiderES",1,0,0,1,2022-06-28
"innotransfer","SGS_Spain",1,0,0,1,2022-06-28
"innotransfer","UJIuniversitat",1,0,0,1,2022-06-28
"Innovaspain","aimplas",1,0,0,1,2022-06-28
"InnowayST","3DPrinting_Des",0,1,0,1,2022-06-28
"InnowayST","Cicloplast_com",1,0,0,1,2022-06-28
"InnowayST","industriambient",1,0,0,1,2022-06-28
"int_envase","ANAIP_es",1,0,0,1,2022-06-28
"int_envase","Cicloplast_com",1,0,0,1,2022-06-28
"int_envase","NovaPetCL",1,0,0,1,2022-06-28
"int_envase","PlasticsEuropES",1,0,0,1,2022-06-28
"int_nautica","aimplas",1,0,0,1,2022-06-28
"int_textil","aimplas",1,0,0,1,2022-06-28
"interplas_news","ainiatecnologia",1,0,0,1,2022-06-28
"interplas_news","ETRMA",1,0,0,1,2022-06-28
"interplas_news","PlasticsEurope",1,0,0,1,2022-06-28
"iolunadeJupiter","aimplas",1,0,0,1,2022-06-28
"iolunadeJupiter","Betelgeux_es",1,0,0,1,2022-06-28
"iolunadeJupiter","GVAavi",1,0,0,1,2022-06-28
"iolunadeJupiter","ITQ_UPVCSIC",1,0,0,1,2022-06-28
"IPM2_paris","EU_Commission",1,0,0,1,2022-06-28
"IPM2_paris","IPM2_paris",1,0,0,1,2022-06-28
"IPM2_paris","PascalHNegre",1,0,0,1,2022-06-28
"IPM2_paris","PRS_Europe",1,0,0,1,2022-06-28
"IPM2_paris","REA_research",1,0,0,1,2022-06-28
"IPPTalk","aimplas",1,0,0,1,2022-06-28
"IreneLarroy","accio_cat",1,0,0,1,2022-06-28
"IreneLarroy","aimplas",1,0,0,1,2022-06-28
"IreneLarroy","biocat_cat",1,0,0,1,2022-06-28
"IreneLarroy","CDTIoficial",1,0,0,1,2022-06-28
"IreneLarroy","eencat",1,0,0,1,2022-06-28
"IreneLarroy","Eurecat_news",1,0,0,1,2022-06-28
"IreneLarroy","H2020_Partner",1,0,0,1,2022-06-28
"IreneLarroy","horizonexperts",1,0,0,1,2022-06-28
"IreneLarroy","itene",1,0,0,1,2022-06-28
"IreneLarroy","JCGarcia_CDTI",1,0,0,1,2022-06-28
"IreneLarroy","jordipietx",1,0,0,1,2022-06-28
"IreneLarroy","marcsattacks",1,0,0,1,2022-06-28
"IreneLarroy","RosaAriasAlv",1,0,0,1,2022-06-28
"IreneLarroy","scibus",1,0,0,1,2022-06-28
"IreneLarroy","SorosGabinete",1,0,0,1,2022-06-28
"IreneLarroy","talk2much12",1,0,0,1,2022-06-28
"IreneLarroy","Wendy_Moreno_EU",1,0,0,1,2022-06-28
"iResiduo","ANARPLA",1,0,0,1,2022-06-28
"iResiduo","AvepAsociacion",1,0,0,1,2022-06-28
"iResiduo","Cicloplast_com",1,0,0,1,2022-06-28
"iResiduo","PlasticsEuropES",1,0,0,1,2022-06-28
"ISWA_org","CTAG_Materials",1,0,0,1,2022-06-28
"ISWA_org","Daimler",1,0,0,1,2022-06-28
"ISWA_org","panasonic",1,0,0,1,2022-06-28
"ISWA_org","panasonic_lstr",1,0,0,1,2022-06-28
"ITACYL","Fundacion_CTME",1,0,0,1,2022-06-28
"ITACYL","inbiotecenlared",1,0,0,1,2022-06-28
"ITACYL","Vitartis",1,0,0,1,2022-06-28
"ItalyFoodTrade","CommuneCulture",1,0,0,1,2022-06-28
"ItalyFoodTrade","foodtechconnect",1,0,0,1,2022-06-28
"ItalyFoodTrade","FoodTechFi",1,0,0,1,2022-06-28
"ItalyFoodTrade","FoodTechMatters",1,0,0,1,2022-06-28
"ItalyFoodTrade","FoodTechUAE",1,0,0,1,2022-06-28
"ItalyFoodTrade","IFT",1,0,0,1,2022-06-28
"ItalyFoodTrade","ItalyFoodTrade",0,0,1,1,2022-06-28
"ItalyFoodTrade","oceana",1,0,0,1,2022-06-28
"ItalyFoodTrade","OceanaEurope",1,0,0,1,2022-06-28
"ItalyFoodTrade","SweFoodTech",1,0,0,1,2022-06-28
"ITC_ceramica","AgEInves",1,0,0,1,2022-06-28
"ITC_ceramica","asociacionruvid",1,0,0,1,2022-06-28
"ITC_ceramica","CLAMDesarrollo",1,0,0,1,2022-06-28
"ITC_ceramica","copecastellon",0,1,0,1,2022-06-28
"ITC_ceramica","CSICval",1,0,0,1,2022-06-28
"ITC_ceramica","exagres",1,0,0,1,2022-06-28
"ITC_ceramica","FConexus",1,0,0,1,2022-06-28
"ITC_ceramica","Fedit",1,0,0,1,2022-06-28
"ITC_ceramica","Fritta_slu",1,0,0,1,2022-06-28
"ITC_ceramica","GVAddigital",1,0,0,1,2022-06-28
"ITC_ceramica","GVAinnova",1,0,0,1,2022-06-28
"ITC_ceramica","KerabenGrupo",1,0,0,1,2022-06-28
"ITC_ceramica","ReciclaliaC",1,0,0,1,2022-06-28
"ITC_ceramica","seimedcv",1,0,0,1,2022-06-28
"ITC_ceramica","SiemensGamesaES",1,0,0,1,2022-06-28
"ITC_ceramica","sofitec_",1,0,0,1,2022-06-28
"ITC_ceramica","Startup_VLC",1,0,0,1,2022-06-28
"ITC_ceramica","UJIuniversitat",1,0,0,1,2022-06-28
"ITC_ceramica","universitat",1,0,0,1,2022-06-28
"itenergia","igcamag",1,0,0,1,2022-06-28
"itenergia","jaceral",1,0,0,1,2022-06-28
"itenergia","jmasbelso",1,0,0,1,2022-06-28
"itenergia","nexusintegra",1,0,0,1,2022-06-28
"ITI_TIC","AdelaRuizD",1,0,0,1,2022-06-28
"ITI_TIC","ivace",1,0,0,1,2022-06-28
"ITQ_UPVCSIC","Betelgeux_es",1,0,0,1,2022-06-28
"ITQ_UPVCSIC","CSIC",1,0,0,1,2022-06-28
"ITQ_UPVCSIC","CSICval",1,0,0,1,2022-06-28
"ITQ_UPVCSIC","HospitalLaFe",1,0,0,1,2022-06-28
"ITQ_UPVCSIC","Industrias_TAYG",1,0,0,1,2022-06-28
"ITQ_UPVCSIC","itmupv",1,0,0,1,2022-06-28
"ivanalbertos81","aimplas",1,0,0,1,2022-06-28
"ivanalbertos81","BASF_ES",1,0,0,1,2022-06-28
"ivanalbertos81","Petstarmx",1,0,0,1,2022-06-28
"ivanalbertos81","Recuwaste",1,0,0,1,2022-06-28
"izarotech","ainiatecnologia",1,0,0,1,2022-06-28
"izarotech","AvepAsociacion",1,0,0,1,2022-06-28
"izarotech","caixabank",1,0,0,1,2022-06-28
"izarotech","CIDETEC_",1,0,0,1,2022-06-28
"izarotech","CocaCola_es",1,0,0,1,2022-06-28
"izarotech","ENAC_acredita",1,0,0,1,2022-06-28
"izarotech","InescopTech",1,0,0,1,2022-06-28
"izarotech","Nestle_es",1,0,0,1,2022-06-28
"izarotech","tecnalia",1,0,0,1,2022-06-28
"izarotech","TeknikerOficial",1,0,0,1,2022-06-28
"IzasaScientific","jcst2801",1,0,0,1,2022-06-28
"jadfrias","aimplas",1,0,0,1,2022-06-28
"jadfrias","BASF_ES",1,0,0,1,2022-06-28
"jadfrias","Repsol",1,0,0,1,2022-06-28
"jadfrias","SABIC",1,0,0,1,2022-06-28
"jahdmolocan","ADELMA_Asoc",1,0,0,1,2022-06-28
"jahdmolocan","aeqtonline",1,0,0,1,2022-06-28
"jahdmolocan","aimplas",1,0,0,1,2022-06-28
"jahdmolocan","ANAIP_es",1,0,0,1,2022-06-28
"jahdmolocan","anape_eps",1,0,0,1,2022-06-28
"jahdmolocan","esplasticos",1,0,0,1,2022-06-28
"jahdmolocan","Feique_ES",1,0,0,1,2022-06-28
"JASInfoService","aimplas",1,0,0,1,2022-06-28
"javiergarciamar","AIDIMME",1,0,0,1,2022-06-28
"javiergarciamar","AIJU_Tecnologi",1,0,0,1,2022-06-28
"javiergarciamar","aimplas",1,0,0,1,2022-06-28
"javiergarciamar","ainiatecnologia",1,0,0,1,2022-06-28
"javiergarciamar","aitex_es",1,0,0,1,2022-06-28
"javiergarciamar","Fedit",1,0,0,1,2022-06-28
"javiergarciamar","InescopTech",1,0,0,1,2022-06-28
"javiergarciamar","ITC_ceramica",1,0,0,1,2022-06-28
"javiergarciamar","itenergia",1,0,0,1,2022-06-28
"javiergarciamar","Redit_es",1,0,0,1,2022-06-28
"JCGarcia_CDTI","HorizonteEuropa",1,0,0,1,2022-06-28
"jealvarez","ACortinaPantion",1,0,0,1,2022-06-28
"jealvarez","Correos",1,0,0,1,2022-06-28
"jealvarez","cristinasancho",1,0,0,1,2022-06-28
"jealvarez","EspejoPublico",1,0,0,1,2022-06-28
"jealvarez","foroinserta",1,0,0,1,2022-06-28
"jealvarez","IKEASpain",1,0,0,1,2022-06-28
"JECComposites","TeknikerOficial",1,0,0,1,2022-06-28
"JECComposites","TNO_Research",1,0,0,1,2022-06-28
"jmaciahortal","1974mariajo",1,0,0,1,2022-06-28
"jmaciahortal","aimplas",1,0,0,1,2022-06-28
"jmaciahortal","AsociacinEmpre2",1,0,0,1,2022-06-28
"jmaciahortal","AvepAsociacion",1,0,0,1,2022-06-28
"jmaciahortal","FEPEVAL",1,0,0,1,2022-06-28
"jmaciahortal","htroyano_",1,0,0,1,2022-06-28
"jmaciahortal","juan_poti",1,0,0,1,2022-06-28
"jmaciahortal","xavivilamarxant",1,0,0,1,2022-06-28
"jmaciahortal","YouTube",1,0,0,1,2022-06-28
"joanros78","AvepAsociacion",1,0,0,1,2022-06-28
"joanros78","GVAinnova",1,0,0,1,2022-06-28
"JorgeGdeOpazo","aimplas",1,0,0,1,2022-06-28
"JorgeGdeOpazo","CdeCarnica",1,0,0,1,2022-06-28
"joseantoniorui","1974mariajo",1,0,0,1,2022-06-28
"joseantoniorui","aimplas",1,0,0,1,2022-06-28
"joseantoniorui","AsociacinEmpre2",1,0,0,1,2022-06-28
"joseantoniorui","AvepAsociacion",1,0,0,1,2022-06-28
"joseantoniorui","FEPEVAL",1,0,0,1,2022-06-28
"joseantoniorui","htroyano_",1,0,0,1,2022-06-28
"joseantoniorui","juan_poti",1,0,0,1,2022-06-28
"joseantoniorui","xavivilamarxant",1,0,0,1,2022-06-28
"joseantoniorui","YouTube",1,0,0,1,2022-06-28
"joveryolanda","aimplas",1,0,0,1,2022-06-28
"joveryolanda","coneselisa",1,0,0,1,2022-06-28
"joveryolanda","Oceanografic_vl",1,0,0,1,2022-06-28
"joveryolanda","placadelllibre",1,0,0,1,2022-06-28
"jp_torregrosa","aimplas",1,0,0,1,2022-06-28
"jp_torregrosa","BIOVAL_es",1,0,0,1,2022-06-28
"jp_torregrosa","itenergia",1,0,0,1,2022-06-28
"juan_poti","AlanisJuanmi",1,0,0,1,2022-06-28
"juan_poti","DaniDiegoGar75",1,0,0,1,2022-06-28
"juliabrines","ainiatecnologia",1,0,0,1,2022-06-28
"juliatomas3","aimplas",1,0,0,1,2022-06-28
"kaafir_hun_bc","aimplas",1,0,0,1,2022-06-28
"kaafir_hun_bc","HSajwanization",0,1,0,1,2022-06-28
"KerabenGrupo","aimplas",1,0,0,1,2022-06-28
"khaqanshati","aimplas",1,0,0,1,2022-06-28
"khaqanshati","CalipsoPlus",1,0,0,1,2022-06-28
"khaqanshati","cepyme_",1,0,0,1,2022-06-28
"khaqanshati","confemetal",1,0,0,1,2022-06-28
"khaqanshati","Feique_ES",1,0,0,1,2022-06-28
"KimitecGroup","CDTIoficial",1,0,0,1,2022-06-28
"KimitecGroup","CienciaGob",1,0,0,1,2022-06-28
"KimitecGroup","UPV",1,0,0,1,2022-06-28
"LAB_Ecoinnova","Actecosl",1,0,0,1,2022-06-28
"LAB_Ecoinnova","aimplas",1,0,0,1,2022-06-28
"LAB_Ecoinnova","BioICEP_IMGGE",1,0,0,1,2022-06-28
"LAB_Ecoinnova","RevistaRETEMA",1,0,0,1,2022-06-28
"LaboralLab_","aimplas",1,0,0,1,2022-06-28
"LaboralLab_","antena3com",1,0,0,1,2022-06-28
"LaboralLab_","AsocEyC",1,0,0,1,2022-06-28
"LaboralLab_","Correos",1,0,0,1,2022-06-28
"LaboralLab_","EspejoPublico",1,0,0,1,2022-06-28
"LaboralLab_","foroinserta",1,0,0,1,2022-06-28
"LaboralLab_","Fundacion_ONCE",1,0,0,1,2022-06-28
"LaBrujulaCV_OCR","OndaCero_es",1,0,0,1,2022-06-28
"LaBrujulaCV_OCR","Redit_es",1,0,0,1,2022-06-28
"lacarolinajaen","aimplas",1,0,0,1,2022-06-28
"lacarolinajaen","CentrosCex",1,0,0,1,2022-06-28
"lacarolinajaen","escamilla50",1,0,0,1,2022-06-28
"lacarolinajaen","generalitat",1,0,0,1,2022-06-28
"lacarolinajaen","GVAivace",1,0,0,1,2022-06-28
"lacarolinajaen","Julia_company",1,0,0,1,2022-06-28
"lacarolinajaen","Rafa_Climentg",1,0,0,1,2022-06-28
"lamarinadevlc","aimplas",1,0,0,1,2022-06-28
"lamarinadevlc","caixabank",1,0,0,1,2022-06-28
"lamarinadevlc","CMplastik",1,0,0,1,2022-06-28
"lamarinadevlc","FundacionBcja",1,0,0,1,2022-06-28
"lamarinadevlc","Inn_Somnia",1,0,0,1,2022-06-28
"lamarinadevlc","Vertidos_Cero",1,0,0,1,2022-06-28
"LanzaTech","aimplas",1,0,0,1,2022-06-28
"LaPalestraJca","aimplas",1,0,0,1,2022-06-28
"LaPalestraJca","MatiesAmparo",1,0,0,1,2022-06-28
"LasNaves","aimplas",1,0,0,1,2022-06-28
"LasNaves","AjuntamentVLC",1,0,0,1,2022-06-28
"LasNaves","carlosgaliana",1,0,0,1,2022-06-28
"LasNaves","martachillaron",1,0,0,1,2022-06-28
"lasustennial","aimplas",1,0,0,1,2022-06-28
"lasustennial","amigosRSV",1,0,0,1,2022-06-28
"lasustennial","EcoAmigosPlas",1,0,0,1,2022-06-28
"lasustennial","elmercampos7",1,0,0,1,2022-06-28
"lasustennial","FoamIndustrial",1,0,0,1,2022-06-28
"lasustennial","gabyriverab_",1,0,0,1,2022-06-28
"lasustennial","GomarElena",1,0,0,1,2022-06-28
"lasustennial","JohnMcCormackM",1,0,0,1,2022-06-28
"lasustennial","Llobre_Gats",1,0,0,1,2022-06-28
"lasustennial","luis_tona_sv",1,0,0,1,2022-06-28
"lasustennial","Luza2009",1,0,0,1,2022-06-28
"lasustennial","ManEcological",1,0,0,1,2022-06-28
"lasustennial","maquiplastic",1,0,0,1,2022-06-28
"lasustennial","OndinaRamos3",1,0,0,1,2022-06-28
"lasustennial","ORNochez",1,0,0,1,2022-06-28
"lasustennial","PattyGuardadoL1",1,0,0,1,2022-06-28
"lasustennial","Paty_2109",1,0,0,1,2022-06-28
"lasustennial","Recicla_Arevalo",1,0,0,1,2022-06-28
"lasustennial","RivasMajo",1,0,0,1,2022-06-28
"lasustennial","tecplastico",1,0,0,1,2022-06-28
"lasustennial","TOTOSAdeCV1",1,0,0,1,2022-06-28
"LAURELIN_EU","Contact_AMI",1,0,0,1,2022-06-28
"LAURELIN_EU","luisiranzo",1,0,0,1,2022-06-28
"leon_cicurel","aimplas",1,0,0,1,2022-06-28
"leon_cicurel","CBE_JU",1,0,0,1,2022-06-28
"leon_cicurel","Centexbel",1,0,0,1,2022-06-28
"leon_cicurel","CervezaMica",1,0,0,1,2022-06-28
"leon_cicurel","EUBioplastics",1,0,0,1,2022-06-28
"leon_cicurel","GraphicPkg_Intl",1,0,0,1,2022-06-28
"leon_cicurel","iris_rd",1,0,0,1,2022-06-28
"leon_cicurel","NAFIGATECorp",1,0,0,1,2022-06-28
"leon_cicurel","PlasmaLeapTech",1,0,0,1,2022-06-28
"leon_cicurel","Unilever",1,0,0,1,2022-06-28
"levante_emv","aimplas",1,0,0,1,2022-06-28
"levante_emv","CarmofProject",1,0,0,1,2022-06-28
"LifeEpsSure","4filmLife",1,0,0,1,2022-06-28
"LifeEpsSure","ANAIP_es",1,0,0,1,2022-06-28
"LifeEpsSure","andaltec",1,0,0,1,2022-06-28
"LifeEpsSure","lifeplasmix",1,0,0,1,2022-06-28
"LifeEpsSure","ResiduosPro",1,0,0,1,2022-06-28
"lilifondevila","aimplas",1,0,0,1,2022-06-28
"LinkenerSpain","angelramire",1,0,0,1,2022-06-28
"LinkenerSpain","EosOrbital",1,0,0,1,2022-06-28
"LinkenerSpain","GlobalOmnium",1,0,0,1,2022-06-28
"LinkenerSpain","GoHubTech",1,0,0,1,2022-06-28
"LinkenerSpain","JuanPeaIbaez2",1,0,0,1,2022-06-28
"LinkenerSpain","LinkenerSpain",1,0,0,1,2022-06-28
"LinkenerSpain","pepesiega",1,0,0,1,2022-06-28
"LISSolutionsTW","iVale7",1,0,0,1,2022-06-28
"LolaFPaniagua","ainiatecnologia",1,0,0,1,2022-06-28
"LolaFPaniagua","ANAIP_es",1,0,0,1,2022-06-28
"LolaFPaniagua","ANARPLA",1,0,0,1,2022-06-28
"LolaFPaniagua","danone_es",1,0,0,1,2022-06-28
"LolaFPaniagua","faerchgroup",1,0,0,1,2022-06-28
"LolaFPaniagua","Nestle_es",1,0,0,1,2022-06-28
"LolaFPaniagua","UV_EG",1,0,0,1,2022-06-28
"londones","aimplas",1,0,0,1,2022-06-28
"londones","corifyAF",1,0,0,1,2022-06-28
"londones","Grupo_TSK",1,0,0,1,2022-06-28
"londones","Molecor",1,0,0,1,2022-06-28
"londones","PigCHAMP_Europa",1,0,0,1,2022-06-28
"londones","skrollerbelt",1,0,0,1,2022-06-28
"LosPackaging","ainiatecnologia",1,0,0,1,2022-06-28
"LosPackaging","CdeCarnica",1,0,0,1,2022-06-28
"LowCarbonLATAM","AlfredoCaprile1",1,0,0,1,2022-06-28
"LowCarbonLATAM","EU_FPI",1,0,0,1,2022-06-28
"LowCarbonLATAM","EU_Growth",1,0,0,1,2022-06-28
"LowCarbonLATAM","EvaRevillaP",1,0,0,1,2022-06-28
"LowCarbonLATAM","StephanieHorel",1,0,0,1,2022-06-28
"LowCarbonLATAM","UEenColombia",1,0,0,1,2022-06-28
"lsanzlopez","aimplas",1,0,0,1,2022-06-28
"lsanzlopez","ResiduosPro",1,0,0,1,2022-06-28
"LuenaSaez","1974mariajo",1,0,0,1,2022-06-28
"LuenaSaez","aimplas",1,0,0,1,2022-06-28
"LuenaSaez","AsociacinEmpre2",1,0,0,1,2022-06-28
"LuenaSaez","AvepAsociacion",1,0,0,1,2022-06-28
"LuenaSaez","FEPEVAL",1,0,0,1,2022-06-28
"LuenaSaez","htroyano_",1,0,0,1,2022-06-28
"LuenaSaez","juan_poti",1,0,0,1,2022-06-28
"LuenaSaez","xavivilamarxant",1,0,0,1,2022-06-28
"LuenaSaez","YouTube",1,0,0,1,2022-06-28
"Luis_RoFe","AceiteOlivalle",1,0,0,1,2022-06-28
"Luis_RoFe","aimplas",1,0,0,1,2022-06-28
"luispatinoangel","aimplas",1,0,0,1,2022-06-28
"luispatinoangel","luispatinoangel",1,0,0,1,2022-06-28
"mabhostelero","aimplas",1,0,0,1,2022-06-28
"mafehegu","Cicloplast_com",1,0,0,1,2022-06-28
"manccampdeturia","aimplas",1,0,0,1,2022-06-28
"manccampdeturia","ajtlapobla",1,0,0,1,2022-06-28
"manccampdeturia","AjuntamentSerra",1,0,0,1,2022-06-28
"manccampdeturia","ajvilamarxant",1,0,0,1,2022-06-28
"manccampdeturia","ayto_riba_roja",1,0,0,1,2022-06-28
"manccampdeturia","AytoBenaguasil",1,0,0,1,2022-06-28
"manccampdeturia","Aytobetera",1,0,0,1,2022-06-28
"manccampdeturia","aytolliria",1,0,0,1,2022-06-28
"manccampdeturia","AytoLoriguilla",1,0,0,1,2022-06-28
"manccampdeturia","AytoMarines",1,0,0,1,2022-06-28
"manccampdeturia","AytoNaquera",1,0,0,1,2022-06-28
"manccampdeturia","AyuntamientoSAB",1,0,0,1,2022-06-28
"manccampdeturia","benissano",1,0,0,1,2022-06-28
"manccampdeturia","GVAlabora",1,0,0,1,2022-06-28
"Mapi76874100","aimplas",1,0,0,1,2022-06-28
"Mapitec_egm","aimplas",1,0,0,1,2022-06-28
"Mapitec_egm","asivalco",1,0,0,1,2022-06-28
"Mapitec_egm","entidadPTV",1,0,0,1,2022-06-28
"MariaBellmunt","abionica_UAS",1,0,0,1,2022-06-28
"MariaBellmunt","aimplas",1,0,0,1,2022-06-28
"MariaBellmunt","brokair",1,0,0,1,2022-06-28
"MariaBellmunt","CDTIoficial",1,0,0,1,2022-06-28
"MariaBellmunt","Defensagob",1,0,0,1,2022-06-28
"MariaBellmunt","FGlobalis",0,1,0,1,2022-06-28
"MariaBellmunt","infoGMV_es",1,0,0,1,2022-06-28
"MariaBellmunt","PLD_Space",1,0,0,1,2022-06-28
"MariaPerezBelt3","aimplas",1,0,0,1,2022-06-28
"MariaPerezBelt3","biobancoimib",1,0,0,1,2022-06-28
"MariaPerezBelt3","crcl",1,0,0,1,2022-06-28
"MariaPerezBelt3","ensayos_imib",1,0,0,1,2022-06-28
"MariaPerezBelt3","FFIS_CARM",1,0,0,1,2022-06-28
"MariaPerezBelt3","IMIB_RMurcia",1,0,0,1,2022-06-28
"MariaPerezBelt3","Inserm",1,0,0,1,2022-06-28
"MariaPerezBelt3","laura_lamala",1,0,0,1,2022-06-28
"MariaPerezBelt3","OfficialUoM",1,0,0,1,2022-06-28
"MariaPerezBelt3","PelegrinPablo",1,0,0,1,2022-06-28
"MariaPerezBelt3","UFZ_de",1,0,0,1,2022-06-28
"MariaPerezBelt3","UniLeipzig",1,0,0,1,2022-06-28
"MaripeSamper","CentrosCex",1,0,0,1,2022-06-28
"MaripeSamper","escamilla50",1,0,0,1,2022-06-28
"MaripeSamper","generalitat",1,0,0,1,2022-06-28
"MaripeSamper","GVAivace",1,0,0,1,2022-06-28
"MaripeSamper","Julia_company",1,0,0,1,2022-06-28
"MaripeSamper","Rafa_Climentg",1,0,0,1,2022-06-28
"Maritza56939473","aecquimico",1,0,0,1,2022-06-28
"Maritza56939473","aeqtonline",1,0,0,1,2022-06-28
"Maritza56939473","aimplas",1,0,0,1,2022-06-28
"Maritza56939473","ANAIP_es",1,0,0,1,2022-06-28
"Maritza56939473","anape_eps",1,0,0,1,2022-06-28
"Maritza56939473","esplasticos",1,0,0,1,2022-06-28
"Maritza56939473","Feique_ES",1,0,0,1,2022-06-28
"Marketing4Food","aimplas",1,0,0,1,2022-06-28
"Marketing4Food","Biopolis_SL",1,0,0,1,2022-06-28
"Marketing4Food","FEDACOVA_VLC",1,0,0,1,2022-06-28
"Marketing4Food","LACABEZUELA",1,0,0,1,2022-06-28
"Marketing4Food","quesodoshermana",1,0,0,1,2022-06-28
"Marketing4Food","UV_EG",1,0,0,1,2022-06-28
"marta_hersan","11defebreroES",1,0,0,1,2022-06-28
"marta_hersan","aimplas",1,0,0,1,2022-06-28
"marta_hersan","iesnules",1,0,0,1,2022-06-28
"marta_hersan","Monviciano",1,0,0,1,2022-06-28
"MartaEGMosquera","AytoAlcalaH",1,0,0,1,2022-06-28
"MartaEGMosquera","CBachiller",1,0,0,1,2022-06-28
"MartaEGMosquera","lucilu_o13",1,0,0,1,2022-06-28
"MartaEGMosquera","MDPIOpenAccess",1,0,0,1,2022-06-28
"MartaEGMosquera","mWeek_Alcala",1,0,0,1,2022-06-28
"MartaEGMosquera","mWeek_MWC",1,0,0,1,2022-06-28
"martarojo_","EFEverde",0,1,0,1,2022-06-28
"martarojo_","martarojo_",0,0,1,1,2022-06-28
"martarojo_","miguelangelpo67",1,0,0,1,2022-06-28
"matarredona_nur","aimplas",1,0,0,1,2022-06-28
"matarredona_nur","ASCER_comunica",1,0,0,1,2022-06-28
"matarredona_nur","begonya_serrano",1,0,0,1,2022-06-28
"matarredona_nur","Fundacion_IVE",1,0,0,1,2022-06-28
"matarredona_nur","matarredona_nur",0,0,1,1,2022-06-28
"matarredona_nur","rebuildexpo",1,0,0,1,2022-06-28
"matarredona_nur","WDCValencia2022",1,0,0,1,2022-06-28
"matarredona_nur","xavicalvo",1,0,0,1,2022-06-28
"Mateprincs","3Neo",1,0,0,1,2022-06-28
"Mateprincs","Cluster",1,0,0,1,2022-06-28
"Mateprincs","ep",1,0,0,1,2022-06-28
"Mateprincs","naitec",1,0,0,1,2022-06-28
"Mateprincs","swansea",1,0,0,1,2022-06-28
"Mateprincs","SwanseaUni",1,0,0,1,2022-06-28
"materplat","Adif_es",1,0,0,1,2022-06-28
"materplat","AgEInves",1,0,0,1,2022-06-28
"materplat","CIDETEC",1,0,0,1,2022-06-28
"materplat","CIDETEC_",1,0,0,1,2022-06-28
"materplat","CienciaGob",1,0,0,1,2022-06-28
"materplat","CTAG_Materials",1,0,0,1,2022-06-28
"materplat","mitmagob",1,0,0,1,2022-06-28
"materplat","Shift2Rail_JU",1,0,0,1,2022-06-28
"materplat","TalgoGroup",1,0,0,1,2022-06-28
"materplat","tecnalia",1,0,0,1,2022-06-28
"maytedomingo_","AIJU_Tecnologi",1,0,0,1,2022-06-28
"maytedomingo_","aitex_es",1,0,0,1,2022-06-28
"maytedomingo_","Faurecia",1,0,0,1,2022-06-28
"maytedomingo_","garcia_saludes",1,0,0,1,2022-06-28
"maytedomingo_","GreenTurf",1,0,0,1,2022-06-28
"maytedomingo_","iberapa",1,0,0,1,2022-06-28
"maytedomingo_","InescopTech",1,0,0,1,2022-06-28
"maytedomingo_","Julia_company",1,0,0,1,2022-06-28
"maytedomingo_","Porcelanosa_es",1,0,0,1,2022-06-28
"maytedomingo_","realturfoficial",1,0,0,1,2022-06-28
"maytedomingo_","Saludes_Ind",1,0,0,1,2022-06-28
"MediterraneoPre","aimplas",1,0,0,1,2022-06-28
"MediterraneoPre","GlobalOmnium",1,0,0,1,2022-06-28
"MediterraneoPre","GVAavi",1,0,0,1,2022-06-28
"MediterraneoPre","GVAinnova",1,0,0,1,2022-06-28
"MediterraneoPre","UVa_es",1,0,0,1,2022-06-28
"meketreffe1","amigosRSV",1,0,0,1,2022-06-28
"meketreffe1","EcoAmigosPlas",1,0,0,1,2022-06-28
"meketreffe1","elmercampos7",1,0,0,1,2022-06-28
"meketreffe1","GomarElena",1,0,0,1,2022-06-28
"meketreffe1","JohnMcCormackM",1,0,0,1,2022-06-28
"meketreffe1","luis_tona_sv",1,0,0,1,2022-06-28
"meketreffe1","OndinaRamos3",1,0,0,1,2022-06-28
"meketreffe1","ORNochez",1,0,0,1,2022-06-28
"meketreffe1","PattyGuardadoL1",1,0,0,1,2022-06-28
"meketreffe1","TOTOSAdeCV1",1,0,0,1,2022-06-28
"mercacei","aimplas",1,0,0,1,2022-06-28
"meteo_ebre","ABORGASE",1,0,0,1,2022-06-28
"meteo_ebre","aimplas",1,0,0,1,2022-06-28
"meteo_ebre","Cotec_Innova",1,0,0,1,2022-06-28
"meteo_ebre","gcl_79",1,0,0,1,2022-06-28
"meteo_ebre","HEURAGESTIO",1,0,0,1,2022-06-28
"meteo_ebre","medioambientecm",1,0,0,1,2022-06-28
"meteo_ebre","picvisa",1,0,0,1,2022-06-28
"meteo_ebre","PreZero_ES",1,0,0,1,2022-06-28
"meteo_ebre","PreZero_PT",1,0,0,1,2022-06-28
"meteo_ebre","puntosigre",1,0,0,1,2022-06-28
"meteo_ebre","sedigas",1,0,0,1,2022-06-28
"meteo_ebre","TOMRARecycling",1,0,0,1,2022-06-28
"meteo_ebre","Veolia_Es",1,0,0,1,2022-06-28
"micijor","aimplas",1,0,0,1,2022-06-28
"micijor","coneselisa",1,0,0,1,2022-06-28
"micijor","Oceanografic_vl",1,0,0,1,2022-06-28
"micijor","placadelllibre",1,0,0,1,2022-06-28
"MinarroFin","aimplas",1,0,0,1,2022-06-28
"MinarroFin","VicenteAbella",1,0,0,1,2022-06-28
"MincienciasCo","aimplas",1,0,0,1,2022-06-28
"MincienciasCo","MincienciasCo",0,0,1,1,2022-06-28
"MincienciasCo","TitoCrissien",1,0,0,1,2022-06-28
"MissionCircular","aimplas",1,0,0,1,2022-06-28
"MissionCircular","ImpactSol",1,0,0,1,2022-06-28
"MissionCircular","MaastrichtU",1,0,0,1,2022-06-28
"MissionCircular","QUBEngagement",1,0,0,1,2022-06-28
"MissionCircular","ResearchUGent",1,0,0,1,2022-06-28
"MissionCircular","UKRI_News",1,0,0,1,2022-06-28
"MKSCGSOFFICIAL","ABORGASE",1,0,0,1,2022-06-28
"MKSCGSOFFICIAL","aimplas",1,0,0,1,2022-06-28
"MKSCGSOFFICIAL","Cotec_Innova",1,0,0,1,2022-06-28
"MKSCGSOFFICIAL","gcl_79",1,0,0,1,2022-06-28
"MKSCGSOFFICIAL","HEURAGESTIO",1,0,0,1,2022-06-28
"MKSCGSOFFICIAL","medioambientecm",1,0,0,1,2022-06-28
"MKSCGSOFFICIAL","picvisa",1,0,0,1,2022-06-28
"MKSCGSOFFICIAL","PreZero_ES",1,0,0,1,2022-06-28
"MKSCGSOFFICIAL","PreZero_PT",1,0,0,1,2022-06-28
"MKSCGSOFFICIAL","puntosigre",1,0,0,1,2022-06-28
"MKSCGSOFFICIAL","sedigas",1,0,0,1,2022-06-28
"MKSCGSOFFICIAL","TOMRARecycling",1,0,0,1,2022-06-28
"MKSCGSOFFICIAL","Veolia_Es",1,0,0,1,2022-06-28
"MobilityVlc","AgfraSL",1,0,0,1,2022-06-28
"MobilityVlc","ibv_org",1,0,0,1,2022-06-28
"MobilityVlc","ITI_TIC",1,0,0,1,2022-06-28
"MobilityVlc","SGS_SA",1,0,0,1,2022-06-28
"moiseslpinto","aimplas",1,0,0,1,2022-06-28
"moiseslpinto","CERENA_research",0,1,0,1,2022-06-28
"moiseslpinto","encontrociencia",1,0,0,1,2022-06-28
"moiseslpinto","MOF_IMAP",1,0,0,1,2022-06-28
"moiseslpinto","nemosineproject",1,0,0,1,2022-06-28
"Monviciano","AndreaFontanaEU",1,0,0,1,2022-06-28
"Monviciano","Dr_alshreka",1,0,0,1,2022-06-28
"Monviciano","EU_Commission",1,0,0,1,2022-06-28
"Monviciano","EU_FPI",1,0,0,1,2022-06-28
"Monviciano","EUgreenresearch",1,0,0,1,2022-06-28
"Monviciano","expo2020dubai",1,0,0,1,2022-06-28
"Monviciano","expo2020se",1,0,0,1,2022-06-28
"Monviciano","GCCSG",1,0,0,1,2022-06-28
"Monviciano","MAmbienteBP_UJI",1,0,0,1,2022-06-28
"Monviciano","MICleanEnergyRD",1,0,0,1,2022-06-28
"MPN_Magazine","LeistritzCorp",1,0,0,1,2022-06-28
"mrtmi3g","aimplas",1,0,0,1,2022-06-28
"mtmachado","RevistaRETEMA",1,0,0,1,2022-06-28
"mtmachado","UV_EG",1,0,0,1,2022-06-28
"Mundoplast","aitiip",1,0,0,1,2022-06-28
"Mundoplast","AvepAsociacion",1,0,0,1,2022-06-28
"Mundoplast","CIDETEC_",1,0,0,1,2022-06-28
"Mundoplast","esplasticos",1,0,0,1,2022-06-28
"Mundoplast","Feique_ES",1,0,0,1,2022-06-28
"Mundoplast","GVAivace",1,0,0,1,2022-06-28
"Mundoplast","raorsamaq",1,0,0,1,2022-06-28
"Mundoplast","UPV",1,0,0,1,2022-06-28
"Mundoplast","UV_EG",1,0,0,1,2022-06-28
"Muxica76","1974mariajo",1,0,0,1,2022-06-28
"Muxica76","aimplas",1,0,0,1,2022-06-28
"Muxica76","AsociacinEmpre2",1,0,0,1,2022-06-28
"Muxica76","AvepAsociacion",1,0,0,1,2022-06-28
"Muxica76","FEPEVAL",1,0,0,1,2022-06-28
"Muxica76","htroyano_",1,0,0,1,2022-06-28
"Muxica76","juan_poti",1,0,0,1,2022-06-28
"Muxica76","xavivilamarxant",1,0,0,1,2022-06-28
"Muxica76","YouTube",1,0,0,1,2022-06-28
"NanomedicineLab","aimplas",1,0,0,1,2022-06-28
"NanomedicineLab","CEA_Officiel",1,0,0,1,2022-06-28
"NanomedicineLab","DTUtweet",1,0,0,1,2022-06-28
"NanomedicineLab","EU_H2020",1,0,0,1,2022-06-28
"NanomedicineLab","FBMH_UoM",1,0,0,1,2022-06-28
"NanomedicineLab","FFIS_CARM",1,0,0,1,2022-06-28
"NanomedicineLab","FIOH",1,0,0,1,2022-06-28
"NanomedicineLab","Inserm_EN",1,0,0,1,2022-06-28
"NanomedicineLab","OfficialUoM",1,0,0,1,2022-06-28
"NanomedicineLab","ScienceMagazine",0,1,0,1,2022-06-28
"NanomedicineLab","UABBarcelona",1,0,0,1,2022-06-28
"NanomedicineLab","UFZ_de",1,0,0,1,2022-06-28
"NanomedicineLab","UniLeipzig",1,0,0,1,2022-06-28
"NanomedicineLab","WUR",1,0,0,1,2022-06-28
"NanomedSpain","aimplas",1,0,0,1,2022-06-28
"NanomedSpain","ClusterFPrint",1,0,0,1,2022-06-28
"NanomedSpain","fenin_es",1,0,0,1,2022-06-28
"NanomedSpain","NanomedSpain",1,0,0,1,2022-06-28
"NanomedSpain","PT3NEO",1,0,0,1,2022-06-28
"nemosineproject","nemosineproject",1,0,0,1,2022-06-28
"news_packaging","AIMCALorg",1,0,0,1,2022-06-28
"news_packaging","ainiatecnologia",1,0,0,1,2022-06-28
"NormasUNE","aimplas",1,0,0,1,2022-06-28
"NormasUNE","ANAIP_es",1,0,0,1,2022-06-28
"Novamont_Iberia","ainiatecnologia",1,0,0,1,2022-06-28
"Novamont_Iberia","anquequimicos",1,0,0,1,2022-06-28
"Novamont_Iberia","AseBio",1,0,0,1,2022-06-28
"Novamont_Iberia","BCorporation",1,0,0,1,2022-06-28
"Novamont_Iberia","Equiplast",1,0,0,1,2022-06-28
"Novamont_Iberia","Fira_Barcelona",1,0,0,1,2022-06-28
"OceanetsProject","cinea_eu",0,1,0,1,2022-06-28
"OceanetsProject","easme",1,0,0,1,2022-06-28
"OceanetsProject","GEN_Uvigo",1,0,0,1,2022-06-28
"OceanetsProject","marGnetproject",1,0,0,1,2022-06-28
"OceanetsProject","NetTagProject",1,0,0,1,2022-06-28
"OceanetsProject","rtve",1,0,0,1,2022-06-28
"OceanetsProject","vincenzo_gente",1,0,0,1,2022-06-28
"Oceanografic_vl","aimplas",1,0,0,1,2022-06-28
"Oceanografic_vl","CruzRojaEsp",1,0,0,1,2022-06-28
"ocrsagunto","LaBrujulaCV_OCR",1,0,0,1,2022-06-28
"ocrsagunto","OndaCero_es",1,0,0,1,2022-06-28
"ocrsagunto","Redit_es",1,0,0,1,2022-06-28
"OCRValencia","AIDIMME",1,0,0,1,2022-06-28
"OCRValencia","ainiatecnologia",1,0,0,1,2022-06-28
"OCRValencia","AjuntamentVLC",1,0,0,1,2022-06-28
"OCRValencia","AMITMu_Val",1,0,0,1,2022-06-28
"OCRValencia","amperexenergy",1,0,0,1,2022-06-28
"OCRValencia","AVAESEN",1,0,0,1,2022-06-28
"OCRValencia","Bego_Pe",1,0,0,1,2022-06-28
"OCRValencia","BVilata",1,0,0,1,2022-06-28
"OCRValencia","caixapopular",1,0,0,1,2022-06-28
"OCRValencia","carlosgaliana",1,0,0,1,2022-06-28
"OCRValencia","eduard_urena",1,0,0,1,2022-06-28
"OCRValencia","GVAivace",1,0,0,1,2022-06-28
"OCRValencia","ibv_org",1,0,0,1,2022-06-28
"OCRValencia","itene",1,0,0,1,2022-06-28
"OCRValencia","itenergia",1,0,0,1,2022-06-28
"OCRValencia","ITI_TIC",1,0,0,1,2022-06-28
"OCRValencia","JMendigacha",1,0,0,1,2022-06-28
"OCRValencia","LafargeHolcimES",1,0,0,1,2022-06-28
"OCRValencia","laprimerapiedra",1,0,0,1,2022-06-28
"OCRValencia","malbors",1,0,0,1,2022-06-28
"OCRValencia","socialnest_org",1,0,0,1,2022-06-28
"OCRValencia","veintiuno_music",1,0,0,1,2022-06-28
"OCSUC_group","aimplas",1,0,0,1,2022-06-28
"OCSUC_group","Cedem_ULiege",1,0,0,1,2022-06-28
"OCSUC_group","HorizonEU",1,0,0,1,2022-06-28
"OCSUC_group","ICIQchem",1,0,0,1,2022-06-28
"OCSUC_group","UniHeidelberg",1,0,0,1,2022-06-28
"OCSUC_group","UNIRennes",1,0,0,1,2022-06-28
"oeca_ods","aimplas",1,0,0,1,2022-06-28
"OEPM_es","protermosolar",1,0,0,1,2022-06-28
"OEPM_es","pteco2",1,0,0,1,2022-06-28
"OEPM_es","solarconcentra",1,0,0,1,2022-06-28
"OleoRevista","ainiatecnologia",1,0,0,1,2022-06-28
"OleoRevista","GVAivace",1,0,0,1,2022-06-28
"olgainfoedita","infoconstru",0,1,0,1,2022-06-28
"olgainfoedita","tecnoalimen",0,1,0,1,2022-06-28
"omenendez","aimplas",1,0,0,1,2022-06-28
"omenendez","Airbus",1,0,0,1,2022-06-28
"omenendez","BASF_ES",1,0,0,1,2022-06-28
"omenendez","Cefic",1,0,0,1,2022-06-28
"omenendez","deborahciencia",1,0,0,1,2022-06-28
"omenendez","foretica",1,0,0,1,2022-06-28
"omenendez","Pascual",1,0,0,1,2022-06-28
"omenendez","PlasticsEuropES",1,0,0,1,2022-06-28
"omenendez","Repsol",1,0,0,1,2022-06-28
"omenendez","SABIC",1,0,0,1,2022-06-28
"omenendez","ternua",1,0,0,1,2022-06-28
"ondalocalemartv","aimplas",1,0,0,1,2022-06-28
"ondalocalemartv","CoopsAgroAND",1,0,0,1,2022-06-28
"ondalocalemartv","Oliplast",1,0,0,1,2022-06-28
"opdi_tex_GmbH","aimplas",1,0,0,1,2022-06-28
"opdi_tex_GmbH","BcompLtd",1,0,0,1,2022-06-28
"opdi_tex_GmbH","CompPairTech",1,0,0,1,2022-06-28
"opdi_tex_GmbH","EDAGGroup",1,0,0,1,2022-06-28
"opdi_tex_GmbH","EireComposites",1,0,0,1,2022-06-28
"opdi_tex_GmbH","Fraunhofer_IWU",1,0,0,1,2022-06-28
"opdi_tex_GmbH","FraunhoferIGCV",1,0,0,1,2022-06-28
"opdi_tex_GmbH","MCAMconnect",1,0,0,1,2022-06-28
"opdi_tex_GmbH","NCCUKinfo",1,0,0,1,2022-06-28
"opdi_tex_GmbH","RWTH",1,0,0,1,2022-06-28
"OpemedGestion","aimplas",1,0,0,1,2022-06-28
"OpemedGestion","CMplastik",1,0,0,1,2022-06-28
"OpemedGestion","CocaColaEP_es",1,0,0,1,2022-06-28
"OpemedGestion","lamarinadevlc",1,0,0,1,2022-06-28
"OpemedGestion","Vertidos_Cero",1,0,0,1,2022-06-28
"OpenFuture_And","AgriculturAnd",1,0,0,1,2022-06-28
"OpenFuture_And","aimplas",1,0,0,1,2022-06-28
"OpenFuture_And","Bioeconomia_And",1,0,0,1,2022-06-28
"OpenFuture_And","CTAndalucia",1,0,0,1,2022-06-28
"OpenFuture_And","DataAgriS3",1,0,0,1,2022-06-28
"OpenFuture_And","DIHAndAgrotech",1,0,0,1,2022-06-28
"OpenFuture_And","eoi",1,0,0,1,2022-06-28
"OpenFuture_And","Fertinagro",1,0,0,1,2022-06-28
"OpenFuture_And","GrupoCosentino",1,0,0,1,2022-06-28
"OpenFuture_And","IBEROSTAR",1,0,0,1,2022-06-28
"OpenFuture_And","ImpactHubMAD",1,0,0,1,2022-06-28
"ORH_RH","aimplas",1,0,0,1,2022-06-28
"ORH_RH","AsocEyC",1,0,0,1,2022-06-28
"ORH_RH","Correos",1,0,0,1,2022-06-28
"ORH_RH","EspejoPublico",1,0,0,1,2022-06-28
"ORH_RH","foroinserta",1,0,0,1,2022-06-28
"OVTT","ITI_TIC",1,0,0,1,2022-06-28
"OVTT","Packnet_",1,0,0,1,2022-06-28
"OVTTenglish","OEPM_es",1,0,0,1,2022-06-28
"pablo24200","aimplas",1,0,0,1,2022-06-28
"pablo24200","ECOTOX2",1,0,0,1,2022-06-28
"pablo24200","EstrellaDammCat",1,0,0,1,2022-06-28
"pablo24200","EstrellaDammEs",1,0,0,1,2022-06-28
"pablo24200","FBiodiversidad",1,0,0,1,2022-06-28
"pablo24200","FValenciaport",1,0,0,1,2022-06-28
"pablo24200","prendente",1,0,0,1,2022-06-28
"pablo24200","uvigo",1,0,0,1,2022-06-28
"PackagingEurope","PackEuropeEli",1,0,0,1,2022-06-28
"packcluster","3Dnatives_ES",1,0,0,1,2022-06-28
"packcluster","AEBALL_UPMBALL",1,0,0,1,2022-06-28
"packcluster","AEMAC_",1,0,0,1,2022-06-28
"packcluster","AerAutomation",1,0,0,1,2022-06-28
"packcluster","aiasasociacion",1,0,0,1,2022-06-28
"packcluster","amazon",1,0,0,1,2022-06-28
"packcluster","ascameorg",1,0,0,1,2022-06-28
"packcluster","camarascomercio",1,0,0,1,2022-06-28
"packcluster","cambrabcn",1,0,0,1,2022-06-28
"packcluster","CEPplast",1,0,0,1,2022-06-28
"packcluster","ClusterCICAT",1,0,0,1,2022-06-28
"packcluster","CocaCola",1,0,0,1,2022-06-28
"packcluster","eoi",1,0,0,1,2022-06-28
"packcluster","Eurecat_news",1,0,0,1,2022-06-28
"packcluster","HispaRob",1,0,0,1,2022-06-28
"packcluster","industrialesand",1,0,0,1,2022-06-28
"packcluster","innovallcluster",1,0,0,1,2022-06-28
"packcluster","itene",1,0,0,1,2022-06-28
"packcluster","mincoturgob",1,0,0,1,2022-06-28
"packcluster","Nestle_es",1,0,0,1,2022-06-28
"packcluster","PackagingEurope",1,0,0,1,2022-06-28
"packcluster","PatronalCecot",1,0,0,1,2022-06-28
"packcluster","ProcterGamble",1,0,0,1,2022-06-28
"packcluster","SECARTYS",1,0,0,1,2022-06-28
"Packnet_","AECOC_ES",1,0,0,1,2022-06-28
"Packnet_","AEMPSGOB",1,0,0,1,2022-06-28
"Packnet_","ANAIP_es",1,0,0,1,2022-06-28
"Packnet_","artsolut",1,0,0,1,2022-06-28
"Packnet_","Decernis",1,0,0,1,2022-06-28
"Packnet_","Foro_READ",1,0,0,1,2022-06-28
"Packnet_","fpffoundation",1,0,0,1,2022-06-28
"Packnet_","GrupoHinojosa",1,0,0,1,2022-06-28
"Packnet_","GrupoUniq",1,0,0,1,2022-06-28
"Packnet_","GVAsanitat",1,0,0,1,2022-06-28
"Packnet_","HisPack",1,0,0,1,2022-06-28
"Packnet_","int_envase",0,1,0,1,2022-06-28
"Packnet_","ITC_ceramica",1,0,0,1,2022-06-28
"Packnet_","ITC_Packaging",1,0,0,1,2022-06-28
"Packnet_","KNAUFINDSPAIN",1,0,0,1,2022-06-28
"Packnet_","LATU_uy",1,0,0,1,2022-06-28
"Packnet_","Leitat",1,0,0,1,2022-06-28
"Packnet_","PKF_ATTEST",1,0,0,1,2022-06-28
"Packnet_","PlasticsEurope",1,0,0,1,2022-06-28
"Packnet_","stanpa_es",1,0,0,1,2022-06-28
"Packnet_","ulmapackaging",1,0,0,1,2022-06-28
"packreporter","aimplas",1,0,0,1,2022-06-28
"packreporter","packreporter",1,0,0,1,2022-06-28
"PacoDS","aimplas",1,0,0,1,2022-06-28
"PacoFernandezA2","aimplas",1,0,0,1,2022-06-28
"PacoFernandezA2","geqo_rseq",1,0,0,1,2022-06-28
"PacoFernandezA2","inbiotecenlared",1,0,0,1,2022-06-28
"PacoFernandezA2","IQAR_UAH",1,0,0,1,2022-06-28
"PacoFernandezA2","lualnu10",1,0,0,1,2022-06-28
"PacoFernandezA2","UAHes",1,0,0,1,2022-06-28
"PakoRho","ainiatecnologia",1,0,0,1,2022-06-28
"PakoRho","Arturolarena",1,0,0,1,2022-06-28
"PakoRho","BelenFranch",1,0,0,1,2022-06-28
"PakoRho","cdcampo1",1,0,0,1,2022-06-28
"PakoRho","EFEverde",1,0,0,1,2022-06-28
"PakoRho","ENCAMINA",1,0,0,1,2022-06-28
"PakoRho","FGlobalNature",1,0,0,1,2022-06-28
"PakoRho","trypanus",1,0,0,1,2022-06-28
"PalcongresVLC","iata_csic",1,0,0,1,2022-06-28
"PalcongresVLC","PalcongresVLC",1,0,0,1,2022-06-28
"parccientificuv","bioferric",1,0,0,1,2022-06-28
"parccientificuv","CatedraAguas",1,0,0,1,2022-06-28
"parccientificuv","DarwinBioprosp",1,0,0,1,2022-06-28
"parccientificuv","FacFarmacia_UV",1,0,0,1,2022-06-28
"parccientificuv","GlobalOmnium",1,0,0,1,2022-06-28
"parccientificuv","iata_csic",1,0,0,1,2022-06-28
"parccientificuv","innotransfer",1,0,0,1,2022-06-28
"parccientificuv","UJIuniversitat",1,0,0,1,2022-06-28
"Pascual","3duardoFG",1,0,0,1,2022-06-28
"Pascual","abc_es",1,0,0,1,2022-06-28
"Pascual","aimplas",1,0,0,1,2022-06-28
"Pascual","Airbus",1,0,0,1,2022-06-28
"Pascual","BASF_ES",1,0,0,1,2022-06-28
"Pascual","Cefic",1,0,0,1,2022-06-28
"Pascual","charo_barroso",1,0,0,1,2022-06-28
"Pascual","deborahciencia",1,0,0,1,2022-06-28
"Pascual","Equiplast",1,0,0,1,2022-06-28
"Pascual","EsAirbus",1,0,0,1,2022-06-28
"Pascual","esplasticos",1,0,0,1,2022-06-28
"Pascual","Feique_ES",1,0,0,1,2022-06-28
"Pascual","foretica",1,0,0,1,2022-06-28
"Pascual","ForoQyS",1,0,0,1,2022-06-28
"Pascual","omenendez",1,0,0,1,2022-06-28
"Pascual","PlasticsEuropES",1,0,0,1,2022-06-28
"Pascual","Repsol",1,0,0,1,2022-06-28
"Pascual","SABIC",1,0,0,1,2022-06-28
"Pascual","SusChemSpain",1,0,0,1,2022-06-28
"Pascual","ternua",1,0,0,1,2022-06-28
"Pascual","TFundaciones",1,0,0,1,2022-06-28
"PCientificoAlic","AIJU_Tecnologi",1,0,0,1,2022-06-28
"PCientificoAlic","aimplas",1,0,0,1,2022-06-28
"PCientificoAlic","AvepAsociacion",1,0,0,1,2022-06-28
"PCientificoAlic","Erumgroup",1,0,0,1,2022-06-28
"PCientificoAlic","GVAavi",1,0,0,1,2022-06-28
"PCientificoAlic","PCientificoAlic",1,0,0,1,2022-06-28
"PCT_UCN","AIDIMME",1,0,0,1,2022-06-28
"PCT_UCN","AIJU_Tecnologi",1,0,0,1,2022-06-28
"PCT_UCN","aimplas",1,0,0,1,2022-06-28
"PCT_UCN","ainiatecnologia",1,0,0,1,2022-06-28
"PCT_UCN","GVAeconomia",1,0,0,1,2022-06-28
"PCT_UCN","ITC_ceramica",1,0,0,1,2022-06-28
"PCT_UCN","itene",1,0,0,1,2022-06-28
"PCT_UCN","itenergia",1,0,0,1,2022-06-28
"PCT_UCN","Julia_company",1,0,0,1,2022-06-28
"PCT_UCN","Rafa_Climentg",1,0,0,1,2022-06-28
"PCT_UCN","Redit_es",1,0,0,1,2022-06-28
"PCT_UCN","UCNorte",1,0,0,1,2022-06-28
"pedrojcarrillo","Agenda2030Gob",1,0,0,1,2022-06-28
"pedrojcarrillo","aimplas",1,0,0,1,2022-06-28
"pedrojcarrillo","IndustryTalksES",1,0,0,1,2022-06-28
"pedrojcarrillo","SustainableInnE",1,0,0,1,2022-06-28
"perez_angeles","aimplas",1,0,0,1,2022-06-28
"perez_angeles","AjuntamentVLC",1,0,0,1,2022-06-28
"perez_angeles","CMplastik",1,0,0,1,2022-06-28
"perez_angeles","SanGomezLopez",1,0,0,1,2022-06-28
"PerkinElmer","aimplas",1,0,0,1,2022-06-28
"PescanovaCorp","aimplas",1,0,0,1,2022-06-28
"PescanovaCorp","Feique_ES",1,0,0,1,2022-06-28
"PescanovaCorp","pescanova_es",1,0,0,1,2022-06-28
"PescanovaCorp","PlasticsEuropES",1,0,0,1,2022-06-28
"PescanovaCorp","SABIC_Europe",1,0,0,1,2022-06-28
"petcoreeurope","aimplas",1,0,0,1,2022-06-28
"pharmamarket","ibv_org",1,0,0,1,2022-06-28
"pharmamarket","taygclinic",1,0,0,1,2022-06-28
"pHjools","aimplas",1,0,0,1,2022-06-28
"pHjools","corifyAF",1,0,0,1,2022-06-28
"pHjools","EIT_Health_es",1,0,0,1,2022-06-28
"pHjools","Grupo_TSK",1,0,0,1,2022-06-28
"pHjools","Molecor",1,0,0,1,2022-06-28
"pHjools","PigCHAMP_Europa",1,0,0,1,2022-06-28
"pHjools","PlatinoEduca",1,0,0,1,2022-06-28
"pHjools","skrollerbelt",1,0,0,1,2022-06-28
"pickpackexpo","IFEMA",1,0,0,1,2022-06-28
"pickpackexpo","knaufindustries",1,0,0,1,2022-06-28
"pickpackexpo","TrebolGroup_Esp",1,0,0,1,2022-06-28
"PilMontana","aimplas",1,0,0,1,2022-06-28
"PilMontana","BASF_ES",1,0,0,1,2022-06-28
"PilMontana","deborahciencia",1,0,0,1,2022-06-28
"PilMontana","Repsol",1,0,0,1,2022-06-28
"PilMontana","SABIC",1,0,0,1,2022-06-28
"PilotHarbour","aivp_net",1,0,0,1,2022-06-28
"PilotHarbour","AjuntamentVLC",1,0,0,1,2022-06-28
"PilotHarbour","AsnavieraVlc",1,0,0,1,2022-06-28
"PilotHarbour","ESPOSecretariat",1,0,0,1,2022-06-28
"PilotHarbour","IMOHQ",1,0,0,1,2022-06-28
"PilotHarbour","propellervlc",1,0,0,1,2022-06-28
"PilotHarbour","PuertosEstado",1,0,0,1,2022-06-28
"plastic_museum","esplasticos",1,0,0,1,2022-06-28
"PlasticFV","GVAivace",1,0,0,1,2022-06-28
"PlasticFV","industriQuimica",1,0,0,1,2022-06-28
"PlasticFV","int_quimica",1,0,0,1,2022-06-28
"PlasticFV","UPV",1,0,0,1,2022-06-28
"PlasticFV","UV_EG",1,0,0,1,2022-06-28
"plasticheal","GTRecerca",1,0,0,1,2022-06-28
"plasticheal","IMIB_RMurcia",1,0,0,1,2022-06-28
"plasticheal","PRUAB",1,0,0,1,2022-06-28
"plasticheal","UABBarcelona",1,0,0,1,2022-06-28
"Plastico_Indl","VTTFinland",1,0,0,1,2022-06-28
"plasticomty","aimplas",1,0,0,1,2022-06-28
"plasticoshita","ANAIP_es",0,1,0,1,2022-06-28
"plasticoshita","ANARPLA",1,0,0,1,2022-06-28
"plasticoshita","AvepAsociacion",1,0,0,1,2022-06-28
"plasticoshita","Cicloplast_com",1,0,0,1,2022-06-28
"plasticoshita","esplasticos",1,0,0,1,2022-06-28
"plasticoshita","plastic_museum",1,0,0,1,2022-06-28
"plasticoshita","PlasticsEurope",1,0,0,1,2022-06-28
"PlasticsEuropES","AceiteOlivalle",1,0,0,1,2022-06-28
"PlasticsEuropES","beatrizmeunier1",1,0,0,1,2022-06-28
"PlasticsEuropES","caixabank",1,0,0,1,2022-06-28
"PlasticsEuropES","foretica",1,0,0,1,2022-06-28
"PlasticsEuropES","FundacionBcja",1,0,0,1,2022-06-28
"PlasticsEuropES","pescanova_es",1,0,0,1,2022-06-28
"PlasticsEuropES","plastic_museum",1,0,0,1,2022-06-28
"PlasticsEuropES","SABIC_Europe",1,0,0,1,2022-06-28
"PlasticsEuropES","shackletongroup",0,1,0,1,2022-06-28
"PlasticsEuropES","SusChemSpain",1,0,0,1,2022-06-28
"PlasticsInPkg","aimplas",1,0,0,1,2022-06-28
"PlasticsInPkg","ainiatecnologia",1,0,0,1,2022-06-28
"PlasticsWorld","Benihort",1,0,0,1,2022-06-28
"PlasticsWorld","RecyclersEU",1,0,0,1,2022-06-28
"PlatinoEduca","aimplas",1,0,0,1,2022-06-28
"PlatinoEduca","corifyAF",1,0,0,1,2022-06-28
"PlatinoEduca","Grupo_TSK",1,0,0,1,2022-06-28
"PlatinoEduca","Molecor",1,0,0,1,2022-06-28
"PlatinoEduca","PigCHAMP_Europa",1,0,0,1,2022-06-28
"PlatinoEduca","skrollerbelt",1,0,0,1,2022-06-28
"plazaradio_","aimplas",1,0,0,1,2022-06-28
"plazaradio_","RafaLupion",1,0,0,1,2022-06-28
"PMLEnergy","aimplas",1,0,0,1,2022-06-28
"PMLEnergy","itenergia",1,0,0,1,2022-06-28
"PolykeyPolymers","aimplas",1,0,0,1,2022-06-28
"PolykeyPolymers","Feique_ES",1,0,0,1,2022-06-28
"PolykeyPolymers","PlasticsEurope",1,0,0,1,2022-06-28
"poscosecha","Benihort",1,0,0,1,2022-06-28
"poscosecha","CSIC",1,0,0,1,2022-06-28
"poscosecha","GVAavi",1,0,0,1,2022-06-28
"poscosecha","IBMCP",1,0,0,1,2022-06-28
"poscosecha","ITC_Packaging",1,0,0,1,2022-06-28
"poscosecha","UPV",1,0,0,1,2022-06-28
"ppenalvera","aimplas",1,0,0,1,2022-06-28
"ppenalvera","ana_sarasola_",1,0,0,1,2022-06-28
"ppenalvera","andpasvid",1,0,0,1,2022-06-28
"ppenalvera","cdcampo1",1,0,0,1,2022-06-28
"ppenalvera","Fedit",1,0,0,1,2022-06-28
"ppenalvera","gbelenguer",1,0,0,1,2022-06-28
"ppenalvera","GVAavi",1,0,0,1,2022-06-28
"ppenalvera","ITC_ceramica",1,0,0,1,2022-06-28
"ppenalvera","itene",1,0,0,1,2022-06-28
"ppenalvera","ITI_TIC",1,0,0,1,2022-06-28
"ppenalvera","Redit_es",1,0,0,1,2022-06-28
"prceinos","aimplas",1,0,0,1,2022-06-28
"prceinos","BIOVAL_es",1,0,0,1,2022-06-28
"prceinos","ceei",1,0,0,1,2022-06-28
"prceinos","ceeivalencia",1,0,0,1,2022-06-28
"prceinos","emprenemjunts",1,0,0,1,2022-06-28
"prceinos","GVAeconomia",1,0,0,1,2022-06-28
"prceinos","itenergia",1,0,0,1,2022-06-28
"preserve_h2020","NataliaGrzomba",1,0,0,1,2022-06-28
"PrimaProgram","aimplas",1,0,0,1,2022-06-28
"PrimaProgram","CSFNSM",1,0,0,1,2022-06-28
"PrimaProgram","CSGI_Official",1,0,0,1,2022-06-28
"PrimaProgram","EU_H2020",1,0,0,1,2022-06-28
"PrimaProgram","primaitaly",1,0,0,1,2022-06-28
"PrimaProgram","PrimaProgram",1,0,0,1,2022-06-28
"PrimaProgram","SantaOCacciola",1,0,0,1,2022-06-28
"Principia_Ing","AEMAC_",1,0,0,1,2022-06-28
"Principia_Ing","aimplas",1,0,0,1,2022-06-28
"Principia_Ing","Airbus",1,0,0,1,2022-06-28
"Principia_Ing","IndustryTalksES",1,0,0,1,2022-06-28
"Principia_Ing","rnchozas",1,0,0,1,2022-06-28
"Principia_Ing","TalgoGroup",1,0,0,1,2022-06-28
"Principia_Ing","tecnalia",1,0,0,1,2022-06-28
"Principia_Ing","Titania_aero",1,0,0,1,2022-06-28
"Principia_Ing","ZiurComposites",1,0,0,1,2022-06-28
"PromiconH2020","aimplas",1,0,0,1,2022-06-28
"PromiconH2020","la_UPC",1,0,0,1,2022-06-28
"PT3NEO","aitex_es",1,0,0,1,2022-06-28
"PT3NEO","CentroStirling",1,0,0,1,2022-06-28
"PT3NEO","CienciaGob",1,0,0,1,2022-06-28
"PT3NEO","fenin_es",1,0,0,1,2022-06-28
"PT3NEO","LOPECMunich",1,0,0,1,2022-06-28
"PT3NEO","Nadetech",1,0,0,1,2022-06-28
"PT3NEO","Naitec_CT",1,0,0,1,2022-06-28
"PT3NEO","NanomedSpain",1,0,0,1,2022-06-28
"PT3NEO","OEAonline",1,0,0,1,2022-06-28
"PT3NEO","PT3NEO",1,0,0,1,2022-06-28
"PT3NEO","UNavarra",1,0,0,1,2022-06-28
"PT3NEO","Zabala_IC",1,0,0,1,2022-06-28
"pteco2","funditec",1,0,0,1,2022-06-28
"pteco2","Inerco_",1,0,0,1,2022-06-28
"pteco2","Repsol",1,0,0,1,2022-06-28
"pteco2","SinCeO2",1,0,0,1,2022-06-28
"pteco2","unizar",1,0,0,1,2022-06-28
"PTEPA1","aimplas",1,0,0,1,2022-06-28
"QUBPolymer","aimplas",1,0,0,1,2022-06-28
"QUBPolymer","ImpactSol",1,0,0,1,2022-06-28
"QUBPolymer","MaastrichtU",1,0,0,1,2022-06-28
"QUBPolymer","ResearchUGent",1,0,0,1,2022-06-28
"QUBPolymer","UKRI_News",1,0,0,1,2022-06-28
"QUIMACOVA","aimplas",1,0,0,1,2022-06-28
"QUIMACOVA","camaravalencia",1,0,0,1,2022-06-28
"QUIMACOVA","CDTIoficial",1,0,0,1,2022-06-28
"QUIMACOVA","Cleanity_es",1,0,0,1,2022-06-28
"QUIMACOVA","GVAavi",1,0,0,1,2022-06-28
"QUIMACOVA","GVAivace",1,0,0,1,2022-06-28
"QUIMACOVA","Redit_es",1,0,0,1,2022-06-28
"RachelRock2","aimplas",1,0,0,1,2022-06-28
"RachelRock2","GVAlabora",1,0,0,1,2022-06-28
"rafanavarro_c","aimplas",1,0,0,1,2022-06-28
"rafanavarro_c","espana_directo",1,0,0,1,2022-06-28
"rafanavarro_c","Inn_Somnia",1,0,0,1,2022-06-28
"rafanavarro_c","La1_tve",1,0,0,1,2022-06-28
"RAlfaroSanchez","aimplas",1,0,0,1,2022-06-28
"RAlfaroSanchez","ArcelikGlobal",1,0,0,1,2022-06-28
"RAlfaroSanchez","circularise",1,0,0,1,2022-06-28
"RAlfaroSanchez","CServees",1,0,0,1,2022-06-28
"RAlfaroSanchez","ErionSistema",1,0,0,1,2022-06-28
"RAlfaroSanchez","GrupoEmausFS",1,0,0,1,2022-06-28
"RAlfaroSanchez","IndumetalN",1,0,0,1,2022-06-28
"RAlfaroSanchez","lborouniversity",1,0,0,1,2022-06-28
"RAlfaroSanchez","lexmark",1,0,0,1,2022-06-28
"RAlfaroSanchez","PnoEurope",1,0,0,1,2022-06-28
"RAlfaroSanchez","soltel_it",1,0,0,1,2022-06-28
"RamnBertNavarro","aimplas",1,0,0,1,2022-06-28
"RamnBertNavarro","Betelgeux_es",1,0,0,1,2022-06-28
"RamnBertNavarro","GVAavi",1,0,0,1,2022-06-28
"RamnBertNavarro","HospitalLaFe",1,0,0,1,2022-06-28
"RamnBertNavarro","ITQ_UPVCSIC",1,0,0,1,2022-06-28
"RamSG20","aimplas",1,0,0,1,2022-06-28
"RamSG20","Betelgeux_es",1,0,0,1,2022-06-28
"RamSG20","GVAavi",1,0,0,1,2022-06-28
"RamSG20","HospitalLaFe",1,0,0,1,2022-06-28
"RamSG20","ITQ_UPVCSIC",1,0,0,1,2022-06-28
"raorsamaq","Cicloplast_com",1,0,0,1,2022-06-28
"rappicupons105","aimplas",1,0,0,1,2022-06-28
"raqandu","aimplas",1,0,0,1,2022-06-28
"realturfoficial","Actecosl",1,0,0,1,2022-06-28
"realturfoficial","aimplas",1,0,0,1,2022-06-28
"realturfoficial","GVAavi",1,0,0,1,2022-06-28
"RececoEs","aimplas",1,0,0,1,2022-06-28
"RececoEs","esplasticos",1,0,0,1,2022-06-28
"RececoEs","IndustryTalksES",1,0,0,1,2022-06-28
"reciclajeFER","Aliciagfranco",1,0,0,1,2022-06-28
"reciclajeFER","AvepAsociacion",1,0,0,1,2022-06-28
"reciclajeFER","Cicloplast_com",1,0,0,1,2022-06-28
"recircular_net","int_reciclaje",1,0,0,1,2022-06-28
"recircular_net","RevistaRETEMA",1,0,0,1,2022-06-28
"recircular_net","valenciaplaza",1,0,0,1,2022-06-28
"RECOTRANS_H2020","AEMAC_",1,0,0,1,2022-06-28
"RECOTRANS_H2020","Arkema_group",1,0,0,1,2022-06-28
"RECOTRANS_H2020","Fraunhofer",1,0,0,1,2022-06-28
"Recuwaste","aimplas",1,0,0,1,2022-06-28
"Recuwaste","BASF_ES",1,0,0,1,2022-06-28
"Recuwaste","Petstarmx",1,0,0,1,2022-06-28
"Redit_es","3DPrinting_Des",1,0,0,1,2022-06-28
"Redit_es","Actecosl",1,0,0,1,2022-06-28
"Redit_es","AIDIMME_Biotec",1,0,0,1,2022-06-28
"Redit_es","Airbus",1,0,0,1,2022-06-28
"Redit_es","AjuntCastello",1,0,0,1,2022-06-28
"Redit_es","AMITMu_Val",1,0,0,1,2022-06-28
"Redit_es","anabarcelochico",1,0,0,1,2022-06-28
"Redit_es","ANAIP_es",1,0,0,1,2022-06-28
"Redit_es","ArcadiSD",1,0,0,1,2022-06-28
"Redit_es","AseTUB",1,0,0,1,2022-06-28
"Redit_es","asociacionruvid",1,0,0,1,2022-06-28
"Redit_es","AvepAsociacion",1,0,0,1,2022-06-28
"Redit_es","Baliht_EU",1,0,0,1,2022-06-28
"Redit_es","Bego_Pe",1,0,0,1,2022-06-28
"Redit_es","biofabrik",1,0,0,1,2022-06-28
"Redit_es","bioinicia",1,0,0,1,2022-06-28
"Redit_es","BIOnTop_Project",1,0,0,1,2022-06-28
"Redit_es","BIOVAL_es",1,0,0,1,2022-06-28
"Redit_es","Cajamar",1,0,0,1,2022-06-28
"Redit_es","capasvil",1,0,0,1,2022-06-28
"Redit_es","CdeCarnica",1,0,0,1,2022-06-28
"Redit_es","CEPESCA",1,0,0,1,2022-06-28
"Redit_es","Cicloplast_com",1,0,0,1,2022-06-28
"Redit_es","ClusterFPrint",1,0,0,1,2022-06-28
"Redit_es","Colquimva",1,0,0,1,2022-06-28
"Redit_es","copecastellon",0,1,0,1,2022-06-28
"Redit_es","CORDIS_EU",1,0,0,1,2022-06-28
"Redit_es","CSICval",1,0,0,1,2022-06-28
"Redit_es","ecoalf",1,0,0,1,2022-06-28
"Redit_es","ed_cvalenciana",1,0,0,1,2022-06-28
"Redit_es","EU_MARE",1,0,0,1,2022-06-28
"Redit_es","EuMarenco",1,0,0,1,2022-06-28
"Redit_es","Faurecia",1,0,0,1,2022-06-28
"Redit_es","FConexus",1,0,0,1,2022-06-28
"Redit_es","fenin_es",1,0,0,1,2022-06-28
"Redit_es","Fira_Barcelona",1,0,0,1,2022-06-28
"Redit_es","Fritta_slu",1,0,0,1,2022-06-28
"Redit_es","Fycma",1,0,0,1,2022-06-28
"Redit_es","GreenTurf",1,0,0,1,2022-06-28
"Redit_es","GVAddigital",1,0,0,1,2022-06-28
"Redit_es","GVAeducacio",1,0,0,1,2022-06-28
"Redit_es","HGUVALENCIA",1,0,0,1,2022-06-28
"Redit_es","horizonte2020",1,0,0,1,2022-06-28
"Redit_es","iberapa",1,0,0,1,2022-06-28
"Redit_es","IMDEAInstitutes",1,0,0,1,2022-06-28
"Redit_es","IzasaScientific",1,0,0,1,2022-06-28
"Redit_es","jordi_juan",1,0,0,1,2022-06-28
"Redit_es","JosefinaBueno1",1,0,0,1,2022-06-28
"Redit_es","KerabenGrupo",1,0,0,1,2022-06-28
"Redit_es","KITKarlsruhe",1,0,0,1,2022-06-28
"Redit_es","KUKA_Press",1,0,0,1,2022-06-28
"Redit_es","LaFabricaDRadio",1,0,0,1,2022-06-28
"Redit_es","LafargeHolcimES",1,0,0,1,2022-06-28
"Redit_es","laprimerapiedra",1,0,0,1,2022-06-28
"Redit_es","levante_emv",1,0,0,1,2022-06-28
"Redit_es","mgomicia",1,0,0,1,2022-06-28
"Redit_es","NanomedSpain",1,0,0,1,2022-06-28
"Redit_es","Nestle_es",1,0,0,1,2022-06-28
"Redit_es","PacoCremades",1,0,0,1,2022-06-28
"Redit_es","Porcelanosa_es",1,0,0,1,2022-06-28
"Redit_es","prolabintefarm",1,0,0,1,2022-06-28
"Redit_es","PT3NEO",1,0,0,1,2022-06-28
"Redit_es","PTEPA1",1,0,0,1,2022-06-28
"Redit_es","ptprotecma",1,0,0,1,2022-06-28
"Redit_es","Raquel_Tamarit",1,0,0,1,2022-06-28
"Redit_es","realturfoficial",1,0,0,1,2022-06-28
"Redit_es","Rebeca_Torro",1,0,0,1,2022-06-28
"Redit_es","ReciclaliaC",1,0,0,1,2022-06-28
"Redit_es","RecyclersEU",1,0,0,1,2022-06-28
"Redit_es","ReportsMarkets",1,0,0,1,2022-06-28
"Redit_es","RevistaRETEMA",1,0,0,1,2022-06-28
"Redit_es","sofitec_",1,0,0,1,2022-06-28
"Redit_es","Startup_VLC",1,0,0,1,2022-06-28
"Redit_es","tecnoalimen",1,0,0,1,2022-06-28
"Redit_es","TOMRARecycling",1,0,0,1,2022-06-28
"Redit_es","uvigo",1,0,0,1,2022-06-28
"Redit_es","Vertidos_Cero",1,0,0,1,2022-06-28
"Redit_es","VicentMarza",1,0,0,1,2022-06-28
"Redit_es","vicentsolerm",1,0,0,1,2022-06-28
"redrunacional","aimplas",1,0,0,1,2022-06-28
"redrunacional","Bandesur",1,0,0,1,2022-06-28
"redrunacional","VictorBandesur",1,0,0,1,2022-06-28
"REGEMAT3D","aimplas",1,0,0,1,2022-06-28
"Regmurcialimpia","ACCIONA",1,0,0,1,2022-06-28
"Regmurcialimpia","AerzenIberica",1,0,0,1,2022-06-28
"Regmurcialimpia","AlmarWater",1,0,0,1,2022-06-28
"Regmurcialimpia","AmbientalRM",1,0,0,1,2022-06-28
"Regmurcialimpia","ambienteeuropeo",0,1,0,1,2022-06-28
"Regmurcialimpia","asegre01",1,0,0,1,2022-06-28
"Regmurcialimpia","ASEMUPLAST",1,0,0,1,2022-06-28
"Regmurcialimpia","BASF_ES",1,0,0,1,2022-06-28
"Regmurcialimpia","CarmenFructuos4",1,0,0,1,2022-06-28
"Regmurcialimpia","CETAQUA",1,0,0,1,2022-06-28
"Regmurcialimpia","FCC_MA",1,0,0,1,2022-06-28
"Regmurcialimpia","FidelLopezSoria",1,0,0,1,2022-06-28
"Regmurcialimpia","gremirecupera",1,0,0,1,2022-06-28
"Regmurcialimpia","picvisa",1,0,0,1,2022-06-28
"Regmurcialimpia","recyclia",1,0,0,1,2022-06-28
"Regmurcialimpia","Repsol",1,0,0,1,2022-06-28
"Regmurcialimpia","SogamaXunta",1,0,0,1,2022-06-28
"Regmurcialimpia","SostenEconomica",1,0,0,1,2022-06-28
"Regmurcialimpia","suezES",1,0,0,1,2022-06-28
"Regmurcialimpia","TOMRARecycling",1,0,0,1,2022-06-28
"Regmurcialimpia","VeoliaWaterTech",1,0,0,1,2022-06-28
"REMADYL_EU","Circ_Flooring",1,0,0,1,2022-06-28
"REMADYL_EU","ENCOsrl",1,0,0,1,2022-06-28
"REMADYL_EU","EU_Commission",1,0,0,1,2022-06-28
"REMADYL_EU","EU_ecoinno",1,0,0,1,2022-06-28
"REMADYL_EU","EU_H2020",1,0,0,1,2022-06-28
"REMADYL_EU","FraunhoferICT",1,0,0,1,2022-06-28
"REMADYL_EU","ICMol_UV",1,0,0,1,2022-06-28
"REMADYL_EU","NanoMatFraunho1",1,0,0,1,2022-06-28
"REMADYL_EU","OVAM_Ecodesign",1,0,0,1,2022-06-28
"REMADYL_EU","project_react",1,0,0,1,2022-06-28
"REMADYL_EU","Promolding",1,0,0,1,2022-06-28
"REMADYL_EU","Vertech_Group",1,0,0,1,2022-06-28
"RepetCoinnova","esplasticos",1,0,0,1,2022-06-28
"residuorecurso","anape_eps",1,0,0,1,2022-06-28
"residuorecurso","ANARPLA",1,0,0,1,2022-06-28
"residuorecurso","Cicloplast_com",1,0,0,1,2022-06-28
"residuorecurso","comsa_corp",1,0,0,1,2022-06-28
"residuorecurso","esplasticos",1,0,0,1,2022-06-28
"residuorecurso","signusecovalor",1,0,0,1,2022-06-28
"ResiduosPro","AIDIMME",1,0,0,1,2022-06-28
"ResiduosPro","Cicloplast_com",1,0,0,1,2022-06-28
"ResiduosPro","GVAivace",1,0,0,1,2022-06-28
"ResiduosPro","InescopTech",1,0,0,1,2022-06-28
"ResiduosPro","ITC_ceramica",1,0,0,1,2022-06-28
"ResiduosPro","UV_EG",1,0,0,1,2022-06-28
"reverdeconcausa","aimplas",1,0,0,1,2022-06-28
"reverdeconcausa","canalsur",1,0,0,1,2022-06-28
"reverdeconcausa","ensgismau",1,0,0,1,2022-06-28
"reverdeconcausa","manavas21",1,0,0,1,2022-06-28
"reverdeconcausa","vir_montero",1,0,0,1,2022-06-28
"revista_PQ","ANAIP_es",1,0,0,1,2022-06-28
"revista_PQ","anquequimicos",1,0,0,1,2022-06-28
"revista_PQ","BactiBlock",1,0,0,1,2022-06-28
"revista_PQ","Cicloplast_com",1,0,0,1,2022-06-28
"revista_PQ","ENAC_acredita",1,0,0,1,2022-06-28
"revista_PQ","esplasticos",1,0,0,1,2022-06-28
"revista_PQ","Feique_ES",1,0,0,1,2022-06-28
"revista_PQ","Microban",1,0,0,1,2022-06-28
"revista_PQ","pharmamarket",1,0,0,1,2022-06-28
"revista_PQ","PlasticsEurope",1,0,0,1,2022-06-28
"REVISTAFYH","aimplas",1,0,0,1,2022-06-28
"REVISTAFYH","ainiatecnologia",1,0,0,1,2022-06-28
"revistaide","ANAIP_es",1,0,0,1,2022-06-28
"revistaide","ANARPLA",1,0,0,1,2022-06-28
"revistaide","AvepAsociacion",1,0,0,1,2022-06-28
"revistaide","PlasticsEuropES",1,0,0,1,2022-06-28
"revistaimcb","itenergia",1,0,0,1,2022-06-28
"RevistaMercados","ACES_supers",1,0,0,1,2022-06-28
"RevistaMercados","AECOC_ES",1,0,0,1,2022-06-28
"RevistaMercados","alcampo",1,0,0,1,2022-06-28
"RevistaMercados","AvepAsociacion",1,0,0,1,2022-06-28
"RevistaMercados","Benihort",1,0,0,1,2022-06-28
"RevistaMercados","Cicloplast_com",1,0,0,1,2022-06-28
"RevistaMercados","COEXPAN_",1,0,0,1,2022-06-28
"RevistaMercados","CoopsAgroCV",1,0,0,1,2022-06-28
"RevistaMercados","danone_es",1,0,0,1,2022-06-28
"RevistaMercados","Ecovalia",1,0,0,1,2022-06-28
"RevistaMercados","FEPEX_EU",1,0,0,1,2022-06-28
"RevistaMercados","PlasticsEuropES",1,0,0,1,2022-06-28
"RevistaRETEMA","AIDIMME",1,0,0,1,2022-06-28
"RevistaRETEMA","ainiatecnologia",1,0,0,1,2022-06-28
"RevistaRETEMA","ANAIP_es",1,0,0,1,2022-06-28
"RevistaRETEMA","AvepAsociacion",1,0,0,1,2022-06-28
"RevistaRETEMA","BASF_ES",1,0,0,1,2022-06-28
"RevistaRETEMA","BorealisGroup",1,0,0,1,2022-06-28
"RevistaRETEMA","caixabank",1,0,0,1,2022-06-28
"RevistaRETEMA","CIDETEC_",1,0,0,1,2022-06-28
"RevistaRETEMA","Eurecat_news",1,0,0,1,2022-06-28
"RevistaRETEMA","FundacionBcja",1,0,0,1,2022-06-28
"RevistaRETEMA","itenergia",1,0,0,1,2022-06-28
"RevistaRETEMA","mitecogob",1,0,0,1,2022-06-28
"RevistaRETEMA","Patriciaenverde",1,0,0,1,2022-06-28
"RevistaRETEMA","PolykeyPolymers",1,0,0,1,2022-06-28
"RevistaRETEMA","recotrans",1,0,0,1,2022-06-28
"RevistaRETEMA","Repsol",1,0,0,1,2022-06-28
"RevistaRETEMA","RevistaRETEMA",0,0,1,1,2022-06-28
"RevistaRETEMA","SABIC_Europe",1,0,0,1,2022-06-28
"RevistaRETEMA","SusChemSpain",1,0,0,1,2022-06-28
"RevistaRETEMA","TOMRARecycling",1,0,0,1,2022-06-28
"robinmc6310","aecquimico",1,0,0,1,2022-06-28
"robinmc6310","aeqtonline",1,0,0,1,2022-06-28
"robinmc6310","aimplas",1,0,0,1,2022-06-28
"robinmc6310","ANAIP_es",1,0,0,1,2022-06-28
"robinmc6310","anape_eps",1,0,0,1,2022-06-28
"robinmc6310","esplasticos",1,0,0,1,2022-06-28
"robinmc6310","Feique_ES",1,0,0,1,2022-06-28
"rosamontesa","aimplas",1,0,0,1,2022-06-28
"rotoatlantica","aimplas",1,0,0,1,2022-06-28
"rotoatlantica","GVAivace",1,0,0,1,2022-06-28
"RPM_Plasticos","AIMCALorg",1,0,0,1,2022-06-28
"RPM_Plasticos","ANARPLA",1,0,0,1,2022-06-28
"RPM_Plasticos","BASF",1,0,0,1,2022-06-28
"RPM_Plasticos","Cicloplast_com",1,0,0,1,2022-06-28
"RPM_Plasticos","Colquimva",1,0,0,1,2022-06-28
"RPM_Plasticos","Feique_ES",1,0,0,1,2022-06-28
"RPM_Plasticos","ITC_ceramica",1,0,0,1,2022-06-28
"RPM_Plasticos","Repsol",1,0,0,1,2022-06-28
"RPM_Plasticos","SABIC",1,0,0,1,2022-06-28
"RPM_Plasticos","VinylPlus_EU",1,0,0,1,2022-06-28
"RSE_Extremadura","aimplas",1,0,0,1,2022-06-28
"RSM_es","agrnegocios",1,0,0,1,2022-06-28
"RSM_es","agrodhuelva",1,0,0,1,2022-06-28
"RSM_es","AgroNewsCV",1,0,0,1,2022-06-28
"RSM_es","Alimarket",1,0,0,1,2022-06-28
"RSM_es","LubrizolCorp",1,0,0,1,2022-06-28
"RSM_es","raorsamaq",1,0,0,1,2022-06-28
"RSM_es","Tecnobebidas",1,0,0,1,2022-06-28
"RTVEValencia","AdrianaPrados",1,0,0,1,2022-06-28
"RTVEValencia","aimplas",1,0,0,1,2022-06-28
"RTVEValencia","GVAinnova",1,0,0,1,2022-06-28
"ruralpedia","AceiteOlivalle",1,0,0,1,2022-06-28
"ruralpedia","aimplas",1,0,0,1,2022-06-28
"SagredoMarco","DarwinBioprosp",1,0,0,1,2022-06-28
"SagredoMarco","InescopTech",1,0,0,1,2022-06-28
"SagredoMarco","ITC_ceramica",1,0,0,1,2022-06-28
"SagredoMarco","SagredoMarco",0,0,1,1,2022-06-28
"Saludes_Ind","ibv_org",1,0,0,1,2022-06-28
"Saludes_Ind","LaPinadaLab",1,0,0,1,2022-06-28
"Saludes_Ind","uchceu",1,0,0,1,2022-06-28
"Saludes_Ind","UPV",1,0,0,1,2022-06-28
"Saludes_Ind","WDCValencia2022",1,0,0,1,2022-06-28
"saludes_play","aimplas",1,0,0,1,2022-06-28
"saludes_play","GVAivace",1,0,0,1,2022-06-28
"saludes_play","itenergia",1,0,0,1,2022-06-28
"salvamentogob","aimplas",1,0,0,1,2022-06-28
"Sam_felix","AIDIMME",1,0,0,1,2022-06-28
"Sam_felix","aimplas",1,0,0,1,2022-06-28
"Sam_felix","Avia_automocion",1,0,0,1,2022-06-28
"Sam_felix","HP",1,0,0,1,2022-06-28
"Sam_felix","sernauto",1,0,0,1,2022-06-28
"sancebs","aimplas",1,0,0,1,2022-06-28
"sancebs","Feique_ES",1,0,0,1,2022-06-28
"sancebs","PlasticsEuropES",1,0,0,1,2022-06-28
"Santa_Teresa","aimplas",1,0,0,1,2022-06-28
"Santa_Teresa","FGULEM",1,0,0,1,2022-06-28
"Santa_Teresa","fgusal",1,0,0,1,2022-06-28
"Santa_Teresa","Fundacion_CTME",1,0,0,1,2022-06-28
"Santa_Teresa","FundacionUBU",1,0,0,1,2022-06-28
"Santa_Teresa","fungeuva",1,0,0,1,2022-06-28
"Santa_Teresa","Santa_Teresa",1,0,0,1,2022-06-28
"SaoretdeBacora","aimplas",1,0,0,1,2022-06-28
"SaoretdeBacora","AjuntamentVLC",1,0,0,1,2022-06-28
"SaoretdeBacora","caixabank",1,0,0,1,2022-06-28
"SaoretdeBacora","CaveCova",1,0,0,1,2022-06-28
"SaoretdeBacora","CMplastik",1,0,0,1,2022-06-28
"SaoretdeBacora","FundacionBcja",1,0,0,1,2022-06-28
"SaoretdeBacora","Inn_Somnia",1,0,0,1,2022-06-28
"SaoretdeBacora","Vertidos_Cero",1,0,0,1,2022-06-28
"sapiensenergia","aimplas",1,0,0,1,2022-06-28
"sapiensenergia","GVAivace",1,0,0,1,2022-06-28
"sapiensenergia","itenergia",1,0,0,1,2022-06-28
"SaraBerceruelo","aimplas",1,0,0,1,2022-06-28
"SDDR_info","aimplas",1,0,0,1,2022-06-28
"SDDR_info","ANARPLA",1,0,0,1,2022-06-28
"SDDR_info","Cicloplast_com",1,0,0,1,2022-06-28
"SDDR_info","cogersaasturias",1,0,0,1,2022-06-28
"SDDR_info","cogersacatedra",1,0,0,1,2022-06-28
"SDDR_info","DriadeSM",1,0,0,1,2022-06-28
"SDDR_info","gremirecupera",1,0,0,1,2022-06-28
"SDDR_info","mitecogob",1,0,0,1,2022-06-28
"SDDR_info","residuscat",1,0,0,1,2022-06-28
"SDDR_info","SDDR_info",0,1,0,1,2022-06-28
"SDDR_info","SogamaXunta",1,0,0,1,2022-06-28
"SDDR_info","Vertidos_Cero",1,0,0,1,2022-06-28
"segacases","aimplas",1,0,0,1,2022-06-28
"segacases","AvepAsociacion",1,0,0,1,2022-06-28
"segacases","GrupoGPS_sefh",1,0,0,1,2022-06-28
"segacases","micofvlc",1,0,0,1,2022-06-28
"seimedcv","aimplas",1,0,0,1,2022-06-28
"seimedcv","CentrosCex",0,1,0,1,2022-06-28
"seimedcv","GVAivace",1,0,0,1,2022-06-28
"seimedcv","Redit_es",1,0,0,1,2022-06-28
"SemanaRSC","aimplas",1,0,0,1,2022-06-28
"SemanaRSC","Apambu_",1,0,0,1,2022-06-28
"SemanaRSC","AsisaSalud",1,0,0,1,2022-06-28
"SemanaRSC","BSABadalona",1,0,0,1,2022-06-28
"SemanaRSC","crearsa",1,0,0,1,2022-06-28
"SemanaRSC","Desconnexions",1,0,0,1,2022-06-28
"SemanaRSC","Expok",1,0,0,1,2022-06-28
"SemanaRSC","FELGTB",1,0,0,1,2022-06-28
"SemanaRSC","gngroup",1,0,0,1,2022-06-28
"SemanaRSC","hiltondiagonal",1,0,0,1,2022-06-28
"SemanaRSC","KLM_ES",1,0,0,1,2022-06-28
"SemanaRSC","LaCalaixera",1,0,0,1,2022-06-28
"SemanaRSC","omplim",1,0,0,1,2022-06-28
"SemanaRSC","tossalloficial",1,0,0,1,2022-06-28
"SENA_RValle","Acoplasticos",1,0,0,1,2022-06-28
"SENA_RValle","aimplas",1,0,0,1,2022-06-28
"SENA_RValle","lauao",1,0,0,1,2022-06-28
"SENA_RValle","UnivalleCol",1,0,0,1,2022-06-28
"ServiReach","aimplas",1,0,0,1,2022-06-28
"ServiReach","ServiReach",1,0,0,1,2022-06-28
"shoubhikdas4","aimplas",1,0,0,1,2022-06-28
"shoubhikdas4","Cedem_ULiege",1,0,0,1,2022-06-28
"shoubhikdas4","HorizonEU",1,0,0,1,2022-06-28
"shoubhikdas4","ICIQchem",1,0,0,1,2022-06-28
"shoubhikdas4","UniHeidelberg",1,0,0,1,2022-06-28
"shoubhikdas4","UNIRennes",1,0,0,1,2022-06-28
"Silvia_Orrego","aimplas",1,0,0,1,2022-06-28
"Silvia_Orrego","camindus",1,0,0,1,2022-06-28
"Silvia_Orrego","FundRicaldoni",1,0,0,1,2022-06-28
"Silvia_Orrego","LATU_uy",1,0,0,1,2022-06-28
"silviaavilesg","AdvanFactories",1,0,0,1,2022-06-28
"silviaavilesg","AEMAC_",1,0,0,1,2022-06-28
"silviaavilesg","Airbus",1,0,0,1,2022-06-28
"silviaavilesg","ANAIP_es",1,0,0,1,2022-06-28
"silviaavilesg","CDTIoficial",1,0,0,1,2022-06-28
"silviaavilesg","DANOBATGROUP",1,0,0,1,2022-06-28
"silviaavilesg","Redit_es",1,0,0,1,2022-06-28
"silviaavilesg","TalgoGroup",1,0,0,1,2022-06-28
"silviaavilesg","UdGPolitecnica",1,0,0,1,2022-06-28
"simetria_grupo","aimplas",1,0,0,1,2022-06-28
"SinerxiaPlus","aimplas",1,0,0,1,2022-06-28
"SinerxiaPlus","ecoalf",1,0,0,1,2022-06-28
"SinerxiaPlus","OceanetsProject",1,0,0,1,2022-06-28
"SinerxiaPlus","salvamentogob",1,0,0,1,2022-06-28
"SinerxiaPlus","uvigo",1,0,0,1,2022-06-28
"SinerxiaPlus","Vertidos_Cero",1,0,0,1,2022-06-28
"skrollerbelt","aimplas",1,0,0,1,2022-06-28
"skrollerbelt","corifyAF",1,0,0,1,2022-06-28
"skrollerbelt","Grupo_TSK",1,0,0,1,2022-06-28
"skrollerbelt","Molecor",1,0,0,1,2022-06-28
"skrollerbelt","PigCHAMP_Europa",1,0,0,1,2022-06-28
"skrollerbelt","PlatinoEduca",1,0,0,1,2022-06-28
"SmartCityJour_","Feique_ES",1,0,0,1,2022-06-28
"SoniaHe49592177","aimplas",1,0,0,1,2022-06-28
"SoniaHe49592177","Betelgeux_es",1,0,0,1,2022-06-28
"SoniaHe49592177","GVAavi",1,0,0,1,2022-06-28
"SoniaHe49592177","HospitalLaFe",1,0,0,1,2022-06-28
"SoniaHe49592177","ITQ_UPVCSIC",1,0,0,1,2022-06-28
"SoniTirado","generalitat",1,0,0,1,2022-06-28
"sost_cdti","AMartinez_CDTI",1,0,0,1,2022-06-28
"sost_cdti","mmg_cdti",1,0,0,1,2022-06-28
"soysauuce","aimplas",1,0,0,1,2022-06-28
"soysauuce","ainiatecnologia",1,0,0,1,2022-06-28
"soysauuce","EFE_CValenciana",1,0,0,1,2022-06-28
"SpainBiz_Japan","aimplas",1,0,0,1,2022-06-28
"SpainBiz_Japan","BlueplasmaPower",1,0,0,1,2022-06-28
"SphereSpain","aimplas",1,0,0,1,2022-06-28
"SphereSpain","ANAIP_es",1,0,0,1,2022-06-28
"SphereSpain","esplasticos",1,0,0,1,2022-06-28
"SreeparnaDas20","Henkel",1,0,0,1,2022-06-28
"SreeparnaDas20","recyclass",1,0,0,1,2022-06-28
"ssuchy_eu","aimplas",1,0,0,1,2022-06-28
"ssuchy_eu","cleansky_ju",1,0,0,1,2022-06-28
"ssuchy_eu","JECComposites",0,1,0,1,2022-06-28
"ssuchy_eu","TNO_Research",1,0,0,1,2022-06-28
"Startup_VLC","aganovagrupo",1,0,0,1,2022-06-28
"Startup_VLC","angelramire",1,0,0,1,2022-06-28
"Startup_VLC","COIICV",1,0,0,1,2022-06-28
"Startup_VLC","EosOrbital",1,0,0,1,2022-06-28
"Startup_VLC","GlobalOmnium",1,0,0,1,2022-06-28
"Startup_VLC","GoHubTech",1,0,0,1,2022-06-28
"Startup_VLC","JuanPeaIbaez2",1,0,0,1,2022-06-28
"Startup_VLC","LinkenerSpain",1,0,0,1,2022-06-28
"Startup_VLC","pepesiega",1,0,0,1,2022-06-28
"susana_xara","acibGmbH",1,0,0,1,2022-06-28
"susana_xara","aimplas",1,0,0,1,2022-06-28
"SusanaPBadal","aimplas",1,0,0,1,2022-06-28
"SusanaPBadal","GVAavi",1,0,0,1,2022-06-28
"SusanaPBadal","ITC_Packaging",1,0,0,1,2022-06-28
"SusanaPBadal","marsanpa",1,0,0,1,2022-06-28
"SusChemSpain","Airbus",1,0,0,1,2022-06-28
"SusChemSpain","Cefic",1,0,0,1,2022-06-28
"SusChemSpain","foretica",1,0,0,1,2022-06-28
"SusChemSpain","omenendez",1,0,0,1,2022-06-28
"SusChemSpain","Pascual",1,0,0,1,2022-06-28
"SusChemSpain","SusChemSpain",1,0,0,1,2022-06-28
"SusChemSpain","ternua",1,0,0,1,2022-06-28
"susomartinez","aimplas",1,0,0,1,2022-06-28
"susomartinez","GVAavi",1,0,0,1,2022-06-28
"susomartinez","UV_EG",1,0,0,1,2022-06-28
"SUST4IN","aimplas",1,0,0,1,2022-06-28
"SUST4IN","FuturEnviro",1,0,0,1,2022-06-28
"SustainPlastics","kpGroup_",1,0,0,1,2022-06-28
"t_uppe","aimplas",1,0,0,1,2022-06-28
"t_uppe","preserve_h2020",1,0,0,1,2022-06-28
"t_uppe","standardization",1,0,0,1,2022-06-28
"t_uppe","UPLIFT_EU",1,0,0,1,2022-06-28
"tabitbilisim","aimplas",1,0,0,1,2022-06-28
"tabitbilisim","azmud",1,0,0,1,2022-06-28
"tabitbilisim","idainature",1,0,0,1,2022-06-28
"tabitbilisim","prima",1,0,0,1,2022-06-28
"talk2much12","accio_cat",1,0,0,1,2022-06-28
"talk2much12","aimplas",1,0,0,1,2022-06-28
"talk2much12","AristosInfo",1,0,0,1,2022-06-28
"talk2much12","biocat_cat",1,0,0,1,2022-06-28
"talk2much12","CDTIoficial",1,0,0,1,2022-06-28
"talk2much12","eencat",1,0,0,1,2022-06-28
"talk2much12","Eurecat_news",1,0,0,1,2022-06-28
"talk2much12","horizonexperts",1,0,0,1,2022-06-28
"talk2much12","IreneLarroy",1,0,0,1,2022-06-28
"talk2much12","JCGarcia_CDTI",1,0,0,1,2022-06-28
"talk2much12","jordipietx",1,0,0,1,2022-06-28
"talk2much12","RosaAriasAlv",1,0,0,1,2022-06-28
"talk2much12","scibus",1,0,0,1,2022-06-28
"talk2much12","SorosGabinete",1,0,0,1,2022-06-28
"talk2much12","Wendy_Moreno_EU",1,0,0,1,2022-06-28
"TCantat","aimplas",1,0,0,1,2022-06-28
"TCantat","Cedem_ULiege",1,0,0,1,2022-06-28
"TCantat","HorizonEU",1,0,0,1,2022-06-28
"TCantat","ICIQchem",1,0,0,1,2022-06-28
"TCantat","UniHeidelberg",1,0,0,1,2022-06-28
"TCantat","UNIRennes",1,0,0,1,2022-06-28
"tecnalia","AgEInves",1,0,0,1,2022-06-28
"tecnalia","Airbus",1,0,0,1,2022-06-28
"tecnalia","FunditecOrg",1,0,0,1,2022-06-28
"tecnalia","incarCSIC",1,0,0,1,2022-06-28
"tecnalia","Principia_Ing",1,0,0,1,2022-06-28
"tecnalia","TalgoGroup",1,0,0,1,2022-06-28
"tecnalia","tecnalia",1,0,0,1,2022-06-28
"tecnalia","Titania_aero",1,0,0,1,2022-06-28
"tecnalia","ualmeria",1,0,0,1,2022-06-28
"tecnalia","ZiurComposites",1,0,0,1,2022-06-28
"Tecnifood","ANAIP_es",1,0,0,1,2022-06-28
"Tecnifood","Cicloplast_com",1,0,0,1,2022-06-28
"Tecnifood","danone_es",1,0,0,1,2022-06-28
"Tecnifood","esplasticos",1,0,0,1,2022-06-28
"Tecnifood","expoquimia",1,0,0,1,2022-06-28
"Tecnifood","faerchgroup",1,0,0,1,2022-06-28
"Tecnifood","GVAivace",1,0,0,1,2022-06-28
"Tecnifood","Hispackbcn",1,0,0,1,2022-06-28
"Tecnifood","ITI_TIC",1,0,0,1,2022-06-28
"Tecnifood","Nestle_es",1,0,0,1,2022-06-28
"Tecnifood","Penn",1,0,0,1,2022-06-28
"Tecnifood","PlasticsEuropES",1,0,0,1,2022-06-28
"Tecnifood","Tecnifood",1,0,0,1,2022-06-28
"Tecnifood","UNALOficial",1,0,0,1,2022-06-28
"tecnoaqua","GlobalOmnium",1,0,0,1,2022-06-28
"tecnoaqua","Grupo_CALAGUA",1,0,0,1,2022-06-28
"tecnoaqua","GVAavi",1,0,0,1,2022-06-28
"tecnoaqua","iiama_upv",1,0,0,1,2022-06-28
"tecnoaqua","UPV",1,0,0,1,2022-06-28
"tecnoaqua","UV_EG",1,0,0,1,2022-06-28
"tecnopackaging","aacudam",1,0,0,1,2022-06-28
"tecnopackaging","AgroBioCluster",1,0,0,1,2022-06-28
"tecnopackaging","aimplas",1,0,0,1,2022-06-28
"tecnopackaging","CIDETEC_",1,0,0,1,2022-06-28
"tecnopackaging","FarrellyMitchel",1,0,0,1,2022-06-28
"tecnopackaging","GenHydro",1,0,0,1,2022-06-28
"tecnopackaging","GreenovateEU",1,0,0,1,2022-06-28
"tecnopackaging","mi_sustainable",1,0,0,1,2022-06-28
"tecnopackaging","RISEProcessum",1,0,0,1,2022-06-28
"tecnopackaging","tecnopackaging",0,0,1,1,2022-06-28
"TeknikerOficial","20m",1,0,0,1,2022-06-28
"TeknikerOficial","aimplas",1,0,0,1,2022-06-28
"ter4bithi4","BASF_ES",1,0,0,1,2022-06-28
"ter4bithi4","CDTIoficial",1,0,0,1,2022-06-28
"ter4bithi4","Cefic",1,0,0,1,2022-06-28
"ter4bithi4","deborahciencia",1,0,0,1,2022-06-28
"ter4bithi4","EsAirbus",1,0,0,1,2022-06-28
"ter4bithi4","EsHorizonte2020",1,0,0,1,2022-06-28
"ter4bithi4","Feique_ES",1,0,0,1,2022-06-28
"ter4bithi4","foretica",1,0,0,1,2022-06-28
"ter4bithi4","omenendez",1,0,0,1,2022-06-28
"ter4bithi4","Pascual",1,0,0,1,2022-06-28
"ter4bithi4","Repsol",1,0,0,1,2022-06-28
"ter4bithi4","SABIC",1,0,0,1,2022-06-28
"ter4bithi4","SusChemSpain",1,0,0,1,2022-06-28
"ter4bithi4","ter4bithi4",0,0,1,1,2022-06-28
"ter4bithi4","ternua",1,0,0,1,2022-06-28
"terenet","aimplas",1,0,0,1,2022-06-28
"terenet","artsolut",1,0,0,1,2022-06-28
"terenet","dipMurcia",1,0,0,1,2022-06-28
"terenet","EssentraPackES",1,0,0,1,2022-06-28
"terenet","Foro_READ",1,0,0,1,2022-06-28
"terenet","itene",1,0,0,1,2022-06-28
"TeximInfo","addimat",1,0,0,1,2022-06-28
"TeximInfo","AvepAsociacion",1,0,0,1,2022-06-28
"TeximInfo","ibv_org",1,0,0,1,2022-06-28
"TeximInfo","TechExcelencia",1,0,0,1,2022-06-28
"TheCircularLab","ecoticiasRED",1,0,0,1,2022-06-28
"TheCircularLab","GVAivace",1,0,0,1,2022-06-28
"TifasGalicia","aimplas",1,0,0,1,2022-06-28
"TifasGalicia","GVAivace",1,0,0,1,2022-06-28
"Titania_aero","aimplas",1,0,0,1,2022-06-28
"Titania_aero","CTengineers",1,0,0,1,2022-06-28
"Titania_aero","Inespasa_",1,0,0,1,2022-06-28
"TitoCrissien","TitoCrissien",0,0,1,1,2022-06-28
"TortosaLozano","AEMAC_",1,0,0,1,2022-06-28
"TortosaLozano","aimplas",1,0,0,1,2022-06-28
"TortosaLozano","Airbus",1,0,0,1,2022-06-28
"TortosaLozano","Principia_Ing",1,0,0,1,2022-06-28
"TortosaLozano","TalgoGroup",1,0,0,1,2022-06-28
"TortosaLozano","tecnalia",1,0,0,1,2022-06-28
"TortosaLozano","Titania_aero",1,0,0,1,2022-06-28
"TortosaLozano","ZiurComposites",1,0,0,1,2022-06-28
"TRAKTECH_","ainiatecnologia",1,0,0,1,2022-06-28
"TRAKTECH_","ANAIP_es",1,0,0,1,2022-06-28
"TRAKTECH_","ANARPLA",1,0,0,1,2022-06-28
"TRAKTECH_","Cicloplast_com",1,0,0,1,2022-06-28
"TRAKTECH_","expoquimia",1,0,0,1,2022-06-28
"TRAKTECH_","gremirecupera",1,0,0,1,2022-06-28
"TRAKTECH_","i_plastico",1,0,0,1,2022-06-28
"TRAKTECH_","LAB_Ecoinnova",1,0,0,1,2022-06-28
"TRAKTECH_","PlasticsEurope",1,0,0,1,2022-06-28
"TRAKTECH_","Suruscircular",1,0,0,1,2022-06-28
"triodoses","aimplas",1,0,0,1,2022-06-28
"triodoses","elperiodico",1,0,0,1,2022-06-28
"ucvalencia","AIDIMME",1,0,0,1,2022-06-28
"ucvalencia","AIJU_Tecnologi",1,0,0,1,2022-06-28
"ucvalencia","aimplas",1,0,0,1,2022-06-28
"ucvalencia","ainiatecnologia",1,0,0,1,2022-06-28
"ucvalencia","aitex_es",1,0,0,1,2022-06-28
"ucvalencia","ibv_org",1,0,0,1,2022-06-28
"ucvalencia","InescopTech",1,0,0,1,2022-06-28
"ucvalencia","ITC_ceramica",1,0,0,1,2022-06-28
"ucvalencia","itene",1,0,0,1,2022-06-28
"ucvalencia","itenergia",1,0,0,1,2022-06-28
"ucvalencia","ITI_TIC",1,0,0,1,2022-06-28
"UniElectrica","aimplas",1,0,0,1,2022-06-28
"UNLOCK_BBI","aacudam",1,0,0,1,2022-06-28
"UNLOCK_BBI","AgroBioCluster",1,0,0,1,2022-06-28
"UNLOCK_BBI","CIDETEC_",1,0,0,1,2022-06-28
"UNLOCK_BBI","FarrellyMitchel",1,0,0,1,2022-06-28
"UNLOCK_BBI","GenHydro",1,0,0,1,2022-06-28
"UNLOCK_BBI","GreenovateEU",1,0,0,1,2022-06-28
"UNLOCK_BBI","mi_sustainable",1,0,0,1,2022-06-28
"UNLOCK_BBI","RISEProcessum",1,0,0,1,2022-06-28
"UNLOCK_BBI","tecnopackaging",1,0,0,1,2022-06-28
"UNLOCK_BBI","unlock",1,0,0,1,2022-06-28
"UPLIFT_EU","acibGmbH",1,0,0,1,2022-06-28
"UPLIFT_EU","bioplastics_eu",1,0,0,1,2022-06-28
"UPLIFT_EU","Equiplast",1,0,0,1,2022-06-28
"UPLIFT_EU","EU_H2020",1,0,0,1,2022-06-28
"UPLIFT_EU","fpffoundation",1,0,0,1,2022-06-28
"UPLIFT_EU","H2020GreenDeal",1,0,0,1,2022-06-28
"UPLIFT_EU","Hadea",1,0,0,1,2022-06-28
"UPLIFT_EU","lapalmaresearch",1,0,0,1,2022-06-28
"UPLIFT_EU","MacaronightEU",1,0,0,1,2022-06-28
"UprofesValencia","aimplas",1,0,0,1,2022-06-28
"UprofesValencia","Colquimva",1,0,0,1,2022-06-28
"valenciactiva_","aimplas",1,0,0,1,2022-06-28
"valenciactiva_","valenciactiva_",0,0,1,1,2022-06-28
"VAtradu","aimplas",1,0,0,1,2022-06-28
"veredictas","alabrent_mag",1,0,0,1,2022-06-28
"veredictas","Albert_Margalef",1,0,0,1,2022-06-28
"veredictas","ESDi_Barcelona",1,0,0,1,2022-06-28
"veredictas","iptriana",1,0,0,1,2022-06-28
"veredictas","Kaitxo2017",1,0,0,1,2022-06-28
"veredictas","MauricioCarret6",1,0,0,1,2022-06-28
"veredictas","mercacei",1,0,0,1,2022-06-28
"veredictas","veredictas",0,0,1,1,2022-06-28
"Vermican","aimplas",1,0,0,1,2022-06-28
"Vermican","Benihort",1,0,0,1,2022-06-28
"Vermican","IBMCP",1,0,0,1,2022-06-28
"Vertidos_Cero","EstrellaDammCat",1,0,0,1,2022-06-28
"Vertidos_Cero","EstrellaDammEs",1,0,0,1,2022-06-28
"Vertidos_Cero","EU_MARE",0,1,0,1,2022-06-28
"Vertidos_Cero","MasMineria",1,0,0,1,2022-06-28
"Vertidos_Cero","prendente",1,0,0,1,2022-06-28
"Vertidos_Cero","PSafor",1,0,0,1,2022-06-28
"Vertidos_Cero","rtve",1,0,0,1,2022-06-28
"Vertidos_Cero","salvamentogob",1,0,0,1,2022-06-28
"VicenteAbella","aimplas",1,0,0,1,2022-06-28
"VicenteAbella","VAtradu",1,0,0,1,2022-06-28
"vincenzo_gente","AngelaCortina",1,0,0,1,2022-06-28
"vincenzo_gente","ArviInnovapesca",1,0,0,1,2022-06-28
"vincenzo_gente","EU_EASME",1,0,0,1,2022-06-28
"vincenzo_gente","EUScienceInnov",1,0,0,1,2022-06-28
"vincenzo_gente","FavrelV",1,0,0,1,2022-06-28
"vincenzo_gente","IEGexpo",1,0,0,1,2022-06-28
"vincenzo_gente","lucamarangoni13",1,0,0,1,2022-06-28
"vincenzo_gente","marGnetproject",1,0,0,1,2022-06-28
"vincenzo_gente","MiTE_IT",1,0,0,1,2022-06-28
"vincenzo_gente","NEBauhaus_FG",1,0,0,1,2022-06-28
"vincenzo_gente","paolamigliorini",1,0,0,1,2022-06-28
"vincenzo_gente","PlasticsEurope",1,0,0,1,2022-06-28
"vincenzo_gente","salvamentogob",1,0,0,1,2022-06-28
"vincenzo_gente","SeasAtRisk",1,0,0,1,2022-06-28
"vincenzo_gente","stracma",1,0,0,1,2022-06-28
"vincenzo_gente","UNEP",1,0,0,1,2022-06-28
"vincenzo_gente","uvigo",1,0,0,1,2022-06-28
"vincenzo_gente","Vertidos_Cero",1,0,0,1,2022-06-28
"vincenzo_gente","vitcheva_eu",1,0,0,1,2022-06-28
"vincenzo_gente","zerowasteeurope",1,0,0,1,2022-06-28
"VinculaN","aimplas",1,0,0,1,2022-06-28
"VinculaN","ANAIP_es",1,0,0,1,2022-06-28
"VinculaN","Cicloplast_com",1,0,0,1,2022-06-28
"VinculaN","NovaPetCL",1,0,0,1,2022-06-28
"VinculaN","PlasticsEuropES",1,0,0,1,2022-06-28
"VirtualWalcon","aimplas",1,0,0,1,2022-06-28
"VirtualWalcon","Cicloplast_com",1,0,0,1,2022-06-28
"VirtualWalcon","VirtualWalcon",1,0,0,1,2022-06-28
"VLCTechCity","AIDIMME",1,0,0,1,2022-06-28
"VLCTechCity","ainiatecnologia",1,0,0,1,2022-06-28
"VLCTechCity","belenfranchgras",1,0,0,1,2022-06-28
"VLCTechCity","cdcampo1",1,0,0,1,2022-06-28
"VLCTechCity","esa",1,0,0,1,2022-06-28
"VLCTechCity","FGlobalNature",1,0,0,1,2022-06-28
"VLCTechCity","GVAivace",1,0,0,1,2022-06-28
"VLCTechCity","InescopTech",1,0,0,1,2022-06-28
"VLCTechCity","levante_emv",1,0,0,1,2022-06-28
"VLCTechCity","VLCTechCity",0,0,1,1,2022-06-28
"WaystupH2020","ETAM_SA",1,0,0,1,2022-06-28
"WaystupH2020","TerraiXufaRSSFA",1,0,0,1,2022-06-28
"WDCValencia2022","aimplas",1,0,0,1,2022-06-28
"WDCValencia2022","EASDvalencia",1,0,0,1,2022-06-28
"WDCValencia2022","ibv_org",1,0,0,1,2022-06-28
"WDCValencia2022","lamarinadevlc",1,0,0,1,2022-06-28
"WDCValencia2022","LaPinadaLab",1,0,0,1,2022-06-28
"WDCValencia2022","Saludes_Ind",1,0,0,1,2022-06-28
"WDCValencia2022","UPV",1,0,0,1,2022-06-28
"WDCValencia2022","USPCEU",1,0,0,1,2022-06-28
"WDCValencia2022","veleseventsvlc",1,0,0,1,2022-06-28
"WDCValencia2022","WDCValencia2022",0,0,1,1,2022-06-28
"WriterAlejandro","aimplas",1,0,0,1,2022-06-28
"WriterAlejandro","BBI2020",1,0,0,1,2022-06-28
"WriterAlejandro","biconsortium",1,0,0,1,2022-06-28
"WriterAlejandro","BioVale_Cluster",1,0,0,1,2022-06-28
"WriterAlejandro","BPF_pilotplant",1,0,0,1,2022-06-28
"WriterAlejandro","coopagrariesCAT",1,0,0,1,2022-06-28
"WriterAlejandro","EU_H2020",1,0,0,1,2022-06-28
"WriterAlejandro","InnoconsultLc",1,0,0,1,2022-06-28
"WriterAlejandro","iris_rd",1,0,0,1,2022-06-28
"WriterAlejandro","irtacat",1,0,0,1,2022-06-28
"WriterAlejandro","mogumycelium",1,0,0,1,2022-06-28
"WriterAlejandro","ualmeria",1,0,0,1,2022-06-28
"WriterAlejandro","UniboMagazine",1,0,0,1,2022-06-28
"xemagil","aimplas",1,0,0,1,2022-06-28
"xemagil","Arturolarena",1,0,0,1,2022-06-28
"xemagil","BelenFranch",1,0,0,1,2022-06-28
"XimenaValenciaD","aimplas",1,0,0,1,2022-06-28
"XimenaValenciaD","brioagr",1,0,0,1,2022-06-28
"XimenaValenciaD","XimenaValenciaD",0,0,1,1,2022-06-28
"ximogorriz","aimplas",1,0,0,1,2022-06-28
"ximogorriz","AndresGReche",1,0,0,1,2022-06-28
"ximogorriz","espaitec",1,0,0,1,2022-06-28
"ximogorriz","GVAavi",1,0,0,1,2022-06-28
"ximogorriz","jesus_lancis",1,0,0,1,2022-06-28
"ximogorriz","MosaikUrbanSys",1,0,0,1,2022-06-28
"ximogorriz","SchneiderES",1,0,0,1,2022-06-28
"ximogorriz","SGS_Spain",1,0,0,1,2022-06-28
"ximogorriz","UJIuniversitat",1,0,0,1,2022-06-28
"yudani_yudani","aimplas",1,0,0,1,2022-06-28
"yudani_yudani","ArviInnovapesca",1,0,0,1,2022-06-28
"yudani_yudani","CEPESCA",1,0,0,1,2022-06-28
"yudani_yudani","JJChicolino",1,0,0,1,2022-06-28
"yudani_yudani","MarineInstrumen",1,0,0,1,2022-06-28
"yudani_yudani","mitecogob",1,0,0,1,2022-06-28
"yudani_yudani","PTEPA1",1,0,0,1,2022-06-28
"yudani_yudani","ptprotecma",1,0,0,1,2022-06-28
"yudani_yudani","PuertoDeVigo",1,0,0,1,2022-06-28
"zicla_eus","aimplas",1,0,0,1,2022-06-28
"zicla_eus","InescopTech",1,0,0,1,2022-06-28
"zicla_eus","RevistaRETEMA",1,0,0,1,2022-06-28
"zoomtvcordoba","AceiteOlivalle",1,0,0,1,2022-06-28
"zoomtvcordoba","aimplas",1,0,0,1,2022-06-28
